20140429,FCG,5.29348,6.85,5.95,1.3,4.72,3.64,3.04,7.26769,61.5,79.5,65.8,62.8,67.0,99.6,88.9,72.0,86.7,76.85,0.0,39.6,47.0,44.5,32.8,94.0,87.0,90.5,77.3,91.0,89.5,85.9,B
20140429,ITLY,4.56488,3.4,5.95,5,3.1,5,4.77,0,,73.1791,69.24,65.7655,68.29057,50,88.9027,96.1564,77.82555,73.05806,,,,,,,,,,,,,
20140429,SYG,6.96874,5.35,9.54,5,3.1,5,5.24,0,,52.8078,69.2617,81.0966,71.88837,50,74.9377,96.6775,73.818435,72.8534025,,,,,,,,,,,,,
20140429,SIZE,7.13464,6.82,9.48,1.59,3.48,6.99,2.88,8.59692,61.9,63.5,65.7,69.3,67.1,50.0,88.9,98.3,78.6,72.85,50.0,50.0,50.0,55.0,51.2,45.0,84.1,64.5,10.2,64.3,100.0,58.2,B
20140429,VDC,2.65388,3.42,5.02,1.48,2.46,3.7,3.17,7.85846,60.9,67.6,82.3,76.8,76.6,94.3,88.9,25.7,68.7,72.65,41.0,31.2,44.6,56.8,43.4,74.0,85.2,79.6,76.0,26.2,92.5,64.9,B
20140429,MLPW,7.28473,4.77,8.11,5,3.73,6.88,6.59,8.45846,58.7,74.8,74.2,74.9,74.7,50.0,88.9,75.0,70.4,72.55,50.0,50.0,50.0,50.0,50.0,50.0,50.0,50.0,12.5,50.0,78.2,46.9,B
20140429,SYV,7.02135,5.35,9.67,5,3.1,5,5.24,0,,62.7883,70.2172,81.0098,74.12772,50,61.4713,98.6971,70.485375,72.3065475,,,,,,,,,,,,,
20140429,IYT,4.97578,5.87,7.58,1.37,3.49,3.06,3.29,7.89077,63.3,53.4,67.5,74.4,68.2,80.6,88.9,61.5,76.4,72.3,50.4,44.0,30.2,51.8,44.1,80.0,86.3,83.1,88.8,64.8,100.0,84.5,B
20140429,XPH,4.07962,4.56,6.34,1.47,4.21,3.62,2.16,4.56308,46.3,66.4,69.7,74.7,71.5,50.0,88.9,77.1,71.2,71.35,0.0,0.0,4.8,31.2,9.0,25.6,85.3,55.5,77.7,83.2,97.0,86.0,C
20140429,CAPE,6.29457,6.03,5.89,5,4.05,6.57,4.23,9.48308,63.0,73.8,71.7,78.1,75.3,50.0,70.4,81.0,67.0,71.15,50.0,50.0,50.0,100.0,62.5,50.0,50.0,50.0,18.7,50.0,68.5,45.7,B
20140429,BUNL,5.22339,3.86,7.09,5,3.1,5,4.76,0,,73.2704,68.9794,61.8567,66.27625,50,88.9027,90.8143,75.955815,71.1160325,,,,,,,,,,,,,
20140429,QQQ,3.56671,5.73,6.62,1.51,2.86,2.51,1.19,9.49231,67.8,64.9,60.9,68.0,65.3,73.9,88.9,68.7,76.6,70.95,53.3,61.1,38.2,98.7,62.8,41.1,84.9,63.0,99.8,42.9,97.0,79.9,B
20140429,XLP,1.47489,3.46,2.7,1.37,3.07,2.61,2.51,7.19846,59.8,65.7,81.8,76.7,76.0,95.4,75.4,27.4,65.6,70.8,48.2,1.1,54.1,49.1,38.1,74.8,86.3,80.5,97.9,49.0,97.0,81.3,B
20140429,XLB,3.20687,5.28,5.12,1.4,3.25,2.69,2.12,7.6,60.1,56.3,64.6,73.2,67.2,91.9,84.9,47.8,74.3,70.75,43.4,45.1,47.2,34.3,42.5,45.3,86.0,65.6,96.3,54.4,97.0,82.6,B
20140429,XLE,3.74071,4.68,7.47,2.07,3.03,2.53,1.6,8.78154,67.3,73.8,65.9,78.6,73.8,88.3,80.0,36.5,67.7,70.75,41.3,56.2,59.0,64.7,55.3,94.3,79.3,86.8,99.5,47.9,97.0,81.5,B
20140429,ONN,6.35624,4.66,7.21,5,3.73,5,6.58,0,,64.5668,66.6124,61.1401,63.46713,50,88.9027,96.7427,78.030755,70.7489425,,,,,,,,,,,,,
20140429,RYE,5.68798,5.33,7.92,1.78,4.88,4.36,2.59,8.18615,64.8,68.7,81.6,78.6,77.5,50.0,84.9,59.9,63.9,70.7,41.3,53.1,50.3,50.8,48.9,92.1,82.2,87.1,62.8,95.2,88.8,82.3,B
20140429,XLU,2.55138,4,3.89,1.37,3.52,2.65,3.13,7.54,61.1,76.2,82.7,63.0,71.5,91.5,75.4,42.5,69.5,70.5,36.1,40.6,46.2,45.4,42.1,64.9,86.3,75.6,97.0,62.6,97.0,85.5,B
20140429,JJA,6.13532,6.98,6.02,5,3.53,5,4.39,0,,87.4853,65.7112,79.2725,76.84667,50,88.9027,56.4821,63.939545,70.3931075,,,,,,,,,,,,,
20140429,VUSE,4.86853,5,1.76,5,6.33,5,4.91,0,,42.6124,93.9631,99.6091,86.51596,50,88.9027,27.4919,53.792975,70.1544675,,,,,,,,,,,,,
20140429,AMU,3.78957,3.54,2.43,5,3.73,4.68,6.37,9.38615,64.2,84.3,81.3,77.6,80.0,50.0,88.9,45.8,60.2,70.1,50.0,50.0,50.0,100.0,62.5,50.0,50.0,50.0,56.4,50.0,78.2,61.6,B
20140429,ATMP,4.18147,3.6,2.41,5,4.05,4.7,7.25,9.37692,63.8,83.3,81.1,80.3,81.1,50.0,88.9,42.2,58.9,70,50.0,50.0,50.0,100.0,62.5,50.0,50.0,50.0,56.1,50.0,68.5,58.2,B
20140429,XLI,2.68354,4.48,4.87,1.39,3.09,2.57,2.15,9.61231,70.7,59.9,69.5,75.9,70.8,77.0,88.9,44.8,69.3,70.05,57.0,56.2,95.8,50.9,65.0,83.6,86.1,84.8,98.7,49.6,97.0,81.8,A
20140429,EWP,5.22132,5.7,6.02,3.21,3.09,3.26,6.25,7.56769,57.7,77.9,76.3,60.4,68.7,82.0,80.0,53.1,71.3,70,37.7,37.5,57.1,39.3,42.9,24.5,67.9,46.2,84.9,52.8,100.0,79.3,B
20140429,EWM,1.89051,2.76,1.63,1.6,3.19,3.26,5.73,8.38923,61.2,73.8,72.6,62.4,67.7,99.6,84.9,33.7,72.1,69.9,43.6,99.2,60.6,4.3,51.9,3.9,84.0,44.0,84.9,55.8,100.0,80.2,B
20140429,FXN,4.84167,5.53,5.64,1.89,4.04,4.32,3.86,7.77077,62.2,74.7,81.2,78.9,78.7,50.0,88.9,48.3,61.1,69.9,39.0,47.5,48.8,45.6,45.2,92.1,81.1,86.6,63.6,70.8,89.5,74.6,B
20140429,SPGH,8.20681,6.28,9.07,5,3.73,5,8.12,0,,62.443,64.3757,61.2486,62.42561,50,88.9027,94.7231,77.323895,69.8747525,,,,,,,,,,,,,
20140429,PSI,4.64111,5.21,4.24,1.8,4.27,6.45,3.29,8.68462,63.6,51.0,62.4,76.6,67.2,50.0,88.9,80.0,72.2,69.7,51.2,66.1,53.7,50.0,55.3,55.0,82.0,68.5,21.0,85.0,97.0,67.6,B
20140429,AMLP,2.27336,2.02,1.08,1.51,4.45,2.89,7.59,9.04462,63.9,80.6,80.4,70.7,75.6,90.1,84.9,18.9,63.6,69.6,33.4,42.9,96.0,65.0,59.3,8.9,84.9,46.9,92.2,65.0,71.5,76.2,B
20140429,DVHI,7.40805,5.39,9.16,5,3.73,5,6.42,0,,65.2964,65.5266,77.7959,71.61521,50,50,98.0456,66.81596,69.215585,,,,,,,,,,,,,
20140429,EMAG,4.54216,5.02,4.15,5,3.4,5,4.5,0,,65.772,72.6927,82.0738,75.99911,50,54.8005,81.1075,62.327775,69.1634425,,,,,,,,,,,,,
20140429,SHV,1.24671,4.16,0.07,5,3,5,0.47,0,,82.9121,70.6732,80.3474,77.95808,50,25.8728,100,60.26184,69.10996,,,,,,,,,,,,,
20140429,FMF,5.80577,5.13,5.62,5,3.35,5,6.83,0,,50.6775,49.3811,80.7275,65.31358,50,88.9027,81.6938,72.76364,69.03861,,,,,,,,,,,,,
20140429,VLU,4.19166,4.39,5.37,1.47,2.36,6.9,3.74,6.97692,53.8,70.1,76.1,79.5,76.6,50.0,84.9,52.8,61.4,69,31.6,68.3,3.4,46.5,37.5,47.5,85.3,66.4,12.0,27.9,97.0,45.6,C
20140429,FDN,4.36415,5.44,6.4,1.37,3.74,3.26,2.91,5.85077,51.6,42.1,34.5,55.1,46.3,96.5,88.9,87.8,91.1,68.7,45.5,2.2,4.5,50.0,25.6,34.0,86.3,60.1,84.9,61.6,89.5,78.7,C
20140429,QDEM,6.63279,5.2,8.96,5,3.4,5,4.64,0,,64.6841,71.6069,81.835,75.33639,50,38.9651,94.1368,62.13741,68.7369,,,,,,,,,,,,,
20140429,KWEB,6.83183,4.51,7.55,5,5.28,5,5.72,0,,37.7003,35.4615,87.709,62.03301,50,88.9027,89.1205,75.362985,68.6979975,,,,,,,,,,,,,
20140429,PSCE,4.55712,5.82,7.08,1.37,3.68,4.28,1.06,7.29077,60.4,53.8,71.3,76.3,70.3,50.0,75.4,77.1,67.1,68.7,30.4,50.7,38.5,45.0,41.2,90.8,86.3,88.5,64.5,67.5,97.0,76.3,B
20140429,EMBB,5.80458,5.17,7.1,5,3.1,5,4.91,0,,60.9576,73.5613,82.4647,75.49226,50,51.1222,82.215,61.61191,68.552085,,,,,,,,,,,,,
20140429,FNDE,3.84076,4.83,2.51,5,3.65,5,4.31,0,,61.8046,71.4115,80.5537,74.06122,50,70.1372,69.9674,63.02975,68.545485,,,,,,,,,,,,,
20140429,IWR,4.11391,5.05,7.02,1.66,3.34,3.55,1.8,7.9,60.9,53.2,60.0,71.3,64.3,96.8,70.4,50.6,72.7,68.5,51.2,46.0,43.5,51.5,48.0,42.2,83.4,62.8,79.0,60.2,100.0,79.7,B
20140429,DBA,4.93191,6.35,3.33,5,3.1,5,5.6,0,,81.6352,63.7568,80.2932,75.60068,49.1166,79.7382,57.9805,61.405445,68.5030625,,,,,,,,,,,,,
20140429,MLPC,4.87826,4.2,1.61,5,5.75,5,7.25,0,,79.772,80.2063,82.443,81.23779,50,74.813,44.4951,55.517185,68.3774875,,,,,,,,,,,,,
20140429,AMJ,4.77662,4.66,3.96,5,4.15,3.52,6.55,8.35231,60.1,79.5,80.1,73.3,76.6,93.6,39.0,44.4,60.0,68.3,50.0,50.0,50.0,62.5,53.1,50.0,50.0,50.0,79.7,50.0,65.5,65.1,B
20140429,IMLP,4.01637,3.88,2.54,5,3.53,5.14,6.37,9.21538,63.4,80.3,80.9,80.0,80.3,50.0,62.2,57.3,56.2,68.25,50.0,50.0,50.0,100.0,62.5,50.0,50.0,50.0,47.2,50.0,84.2,60.5,B
20140429,SYE,6.72406,5.36,8.93,5,3.1,5,5.24,0,,62.2476,71.5635,80.836,74.33657,50,46.6958,86.9707,61.948485,68.1425275,,,,,,,,,,,,,
20140429,EZY,5.63849,4.91,8.54,1.47,2.87,6.91,2.73,6.75538,52.6,59.4,64.9,66.4,64.6,50.0,84.9,82.0,71.6,68.1,2.9,66.8,44.2,30.0,36.0,43.4,85.3,64.3,11.9,35.7,89.5,45.7,C
20140429,EWI,4.84236,7.21,4.32,2.84,3.26,3.21,5.13,7.49385,58.4,77.4,76.4,62.1,69.4,53.7,75.4,71.9,66.6,68,35.6,48.8,57.5,34.5,44.1,36.8,71.6,54.2,85.8,57.8,100.0,81.2,B
20140429,RWR,5.28966,5.49,6.79,5,3.1,5,3.02,0,,81.1922,80.5103,74.1477,77.46538,63.6042,88.9027,27.4267,58.531625,67.9985025,,,,,,,,,,,,,
20140429,IEO,4.75658,6.03,8.23,1.4,2.42,3.82,2.09,8.93385,66.9,66.8,81.6,79.1,77.4,86.2,19.3,64.2,58.4,67.9,37.8,54.0,48.7,98.5,59.8,93.9,86.0,89.9,73.6,32.6,100.0,68.7,B
20140429,VNQ,4.75746,4.88,6.23,5,3.25,5,2.6,0,,80.7492,79.7068,72.519,76.32138,78.7986,75.4364,25.6026,59.17134,67.74636,,,,,,,,,,,,,
20140429,XOP,5.27991,6.01,8.34,1.57,4.51,2.76,1.72,7.97846,65.2,75.7,64.6,78.4,73.8,70.3,39.0,72.4,61.7,67.75,30.1,53.7,55.3,59.4,49.6,91.1,84.3,87.7,94.8,92.3,97.0,94.7,B
20140429,MLPG,4.83879,3.51,3.31,5,3.73,5.59,8.04,8.03846,57.8,78.5,77.7,71.8,74.9,50.0,88.9,46.2,60.3,67.6,50.0,50.0,50.0,51.6,50.4,50.0,50.0,50.0,38.2,50.0,78.2,55.5,B
20140429,USAG,6.12199,4.97,6.26,5,3.95,5,6.36,0,,88.8664,62.9967,73.4528,73.39869,50,84.0399,53.9414,61.59146,67.495075,,,,,,,,,,,,,
20140429,IBB,4.23603,5.61,8.33,1.59,2.26,2.65,2,7.69231,58.6,64.4,40.5,61.3,55.7,62.9,88.9,87.3,79.2,67.45,39.4,97.5,0.3,50.0,46.8,24.3,84.1,54.2,97.1,27.8,100.0,74.9,B
20140429,FEP,5.61596,3.9,5.75,5.05,4.11,3.92,7.68,4.82154,45.0,70.8,64.1,75.5,71.2,50.0,88.9,55.9,63.7,67.45,0.0,4.5,0.0,58.4,15.7,28.6,49.5,39.0,71.6,72.9,89.5,78.0,D
20140429,SOYB,5.46564,4.24,3.94,5,4.68,5,7.46,0,,84.3322,62.0847,74.7991,72.8914,68.5512,51.1222,63.9739,61.720445,67.3059225,,,,,,,,,,,,,
20140429,GMTB,5.65786,5.37,4.77,5,4.93,5,4.82,0,,71.7068,69.7177,61.8132,66.16327,50,88.9027,69.316,68.43141,67.29734,,,,,,,,,,,,,
20140429,GMFS,7.77083,6.58,8.56,4.3,3.62,6.78,5.59,8.02462,57.5,68.3,53.3,59.2,59.2,50.0,88.9,89.0,75.3,67.25,50.0,52.2,0.0,100.0,50.6,32.7,57.0,44.9,14.5,65.7,97.0,59.1,B
20140429,SOXX,4.56258,5.76,7.24,1.67,3.44,3,2.45,8.17692,63.1,42.8,58.6,75.1,63.7,50.0,84.9,79.3,70.7,67.2,41.4,65.3,52.5,50.0,52.3,53.9,83.3,68.6,90.1,63.1,100.0,84.4,B
20140429,FIEU,6.86898,5.01,8.21,5,6.33,5,2.52,0,,86.6515,80.076,81.1618,81.934,50,38.7157,66.4495,52.372035,67.1530175,,,,,,,,,,,,,
20140429,ICF,5.40489,5.7,6.77,5,3,5,3.29,0,,83.9153,80.9663,74.0608,78.10335,50,88.9027,33.8111,56.004695,67.0540225,,,,,,,,,,,,,
20140429,VLUE,3.26758,3.81,4.09,1.52,2.55,6.89,2.89,8.05231,58.8,67.7,74.1,80.8,76.1,50.0,88.9,39.0,57.8,66.95,50.0,50.0,50.0,55.0,51.2,46.7,84.8,65.8,12.3,36.4,100.0,49.6,B
20140429,SOCL,4.88644,5.29,5.23,3.01,3.88,3.49,5.51,8.11231,59.7,38.8,33.9,52.2,44.0,89.0,88.9,90.3,89.4,66.7,50.0,50.0,50.0,58.4,52.1,34.1,69.9,52.0,80.3,53.2,76.8,70.1,B
20140429,VTHR,2.72149,4.18,5.65,1.62,2.25,3.68,1.59,6.28462,52.3,52.0,66.5,74.2,67.4,50.0,88.9,62.3,66.0,66.7,34.1,47.8,2.2,45.0,32.3,43.9,83.8,63.8,76.4,20.0,92.5,63.0,C
20140429,DBAP,6.71871,5.07,6.06,5,6.33,5,5.11,0,,50.3518,70.5863,81.2921,71.8923,50,54.8005,78.6319,61.461315,66.6768075,,,,,,,,,,,,,
20140429,QEM,6.87967,5.29,9.49,5,3.4,5,4.64,0,,63.8371,68.2193,81.2486,73.85751,50,25.8728,97.329,59.32699,66.59225,,,,,,,,,,,,,
20140429,EWZ,6.04093,6.83,7.04,4.12,2.89,2.6,6.52,7.85385,59.5,67.7,62.8,47.0,55.9,71.4,88.9,73.2,77.3,66.6,38.6,46.0,61.1,51.8,49.4,40.2,58.8,49.5,98.0,46.7,100.0,81.6,B
20140429,SPY,3.38997,4.76,6.88,1.48,2.87,2.5,1.64,9.54308,68.3,72.9,70.9,75.1,73.4,84.1,54.8,38.7,59.4,66.4,54.6,95.8,54.6,66.3,67.9,46.7,85.2,65.9,100.0,43.0,97.0,80.0,B
20140429,FTEC,3.85011,4.46,2.74,5,4.88,5,2.72,0,,65.7003,45.4506,81.7047,67.62759,50,79.9875,67.7524,65.20959,66.41859,,,,,,,,,,,,,
20140429,FIBG,7.0941,4.9,5.62,5,6.33,5,7.39,0,,64.2932,63.1596,81.3789,72.49597,50,54.8005,75.3746,60.32126,66.408615,,,,,,,,,,,,,
20140429,PPH,3.82022,4.04,5.06,1.8,4.01,3.98,3.69,5.39385,48.6,76.2,79.5,63.3,70.8,50.0,70.4,65.9,61.7,66.25,0.0,0.0,31.8,60.7,23.1,24.2,82.0,53.1,70.5,68.2,88.0,75.6,C
20140429,FIEG,5.70329,5.08,7.48,5,4.15,5,2.53,0,,88.6971,82.0521,65.1249,74.9175,50,74.813,50.2932,57.54652,66.23201,,,,,,,,,,,,,
20140429,CHEP,7.21394,4.81,6.53,5,4.98,6.23,7.43,7.10615,52.0,87.7,61.4,67.2,69.6,50.0,66.2,72.7,62.8,66.2,30.6,36.1,0.0,100.0,41.7,50.0,50.0,50.0,25.5,50.0,40.8,38.8,C
20140429,IQDE,3.85921,3.83,3.06,2.06,3.97,6.73,4.32,8.21385,58.4,86.6,79.9,79.7,81.1,50.0,74.9,31.7,51.1,66.1,50.0,50.0,50.0,65.0,53.8,31.0,79.4,55.2,15.5,55.1,76.0,48.9,B
20140429,IQDF,2.79911,3.22,2.01,2.1,3.99,5.28,4.32,7.97385,58.3,81.9,79.8,80.2,80.4,50.0,84.5,25.5,51.8,66.1,50.0,50.0,50.0,55.0,51.2,30.8,79.0,54.9,44.4,55.7,76.0,58.7,B
20140429,UAG,6.84666,6.14,6.55,5,3.73,5,7.15,0,,88.2671,64.0391,70.152,71.94115,50,38.9651,88.2085,60.062505,66.0018275,,,,,,,,,,,,,
20140429,NFRA,4.11792,4.95,2.9,5,3.8,5,4.33,0,,82.3648,78.013,82.291,81.02236,50,88.9027,19.4137,50.965605,65.9939825,,,,,,,,,,,,,
20140429,FSZ,4.22479,3.21,3.97,1.19,4.08,5.88,6.34,7.93231,59.3,72.7,76.9,78.9,77.1,50.0,80.0,38.0,54.8,65.95,95.5,34.1,36.4,37.5,50.9,33.7,88.1,60.9,32.4,71.8,89.5,64.6,B
20140429,MMTM,3.67829,4.15,5.02,1.55,2.41,5.82,3.74,7.64615,57.3,51.1,75.1,77.5,71.5,50.0,88.9,45.9,60.2,65.85,37.5,50.0,4.2,100.0,47.9,44.3,84.5,64.4,33.7,29.3,97.0,53.3,B
20140429,XBI,5.5348,6.47,8.56,1.4,4.38,3.32,1.36,7.71077,60.3,56.4,36.2,54.9,49.6,66.4,88.9,91.9,82.1,65.85,32.3,99.4,3.0,59.6,48.6,24.5,86.0,55.3,83.7,88.3,97.0,89.7,B
20140429,VPU,3.57608,4.84,5.71,1.37,3,3.53,2.78,6.91231,56.8,74.4,82.1,62.8,70.9,95.8,46.9,37.5,60.7,65.8,36.6,38.4,39.3,45.5,40.0,60.6,86.3,73.4,79.5,42.5,92.5,71.5,B
20140429,EEH,8.19993,5.54,8.25,5,4.15,7.34,7.47,8.98923,60.3,47.7,66.1,56.2,57.4,50.0,75.4,97.3,74.2,65.8,50.0,50.0,50.0,100.0,62.5,50.0,50.0,50.0,3.3,50.0,65.5,39.6,B
20140429,HSPX,5.04389,5,2.55,5,5.55,5,5.54,0,,63.6091,70.8686,97.5896,82.7772,50,50.2494,46.3844,48.80936,65.79328,,,,,,,,,,,,,
20140429,TLTD,,,,,,,,,,84.6971,77.1227,77.6656,78.90903,50,88.9027,24.2997,52.675705,65.7923675,,,,,,,,,,,,,
20140429,FCAN,3.68979,3.58,2.79,1.4,4.11,5.02,6.31,4.59538,45.7,82.6,78.6,72.6,76.4,50.0,80.0,39.0,55.2,65.8,2.2,2.2,0.0,55.0,14.9,40.9,86.0,63.5,49.7,72.7,89.5,70.6,C
20140429,BWV,7.16698,5.78,8.29,5,3.53,7.09,4.46,8.98462,61.1,65.0,67.0,63.2,64.7,50.0,51.1,97.1,66.8,65.75,50.0,50.0,50.0,100.0,62.5,50.0,50.0,50.0,8.2,50.0,84.2,47.5,B
20140429,FEZ,4.48836,5.44,5.73,2.83,3.67,2.88,4.11,6.83385,56.4,79.3,76.5,58.5,68.1,58.3,84.9,50.0,63.4,65.75,30.6,32.5,52.6,41.3,39.2,45.1,71.7,58.4,92.4,67.0,97.0,85.4,B
20140429,EWG,3.54257,4.83,4.78,1.44,2.74,2.77,5.19,6.82,55.9,75.4,71.4,71.9,72.5,93.3,16.6,60.7,58.9,65.7,44.7,4.5,46.9,60.3,39.1,36.8,85.6,61.2,94.6,42.1,100.0,78.9,B
20140429,EPS,2.94472,3.03,4.7,1.48,2.86,5.95,2.43,8.50462,61.0,71.0,74.1,77.2,75.0,50.0,84.9,38.1,56.3,65.65,36.6,97.1,57.5,38.4,57.4,47.0,85.2,66.1,31.1,35.4,89.5,52.0,B
20140429,MLPX,2.8234,3.42,1.42,5,3.78,5,4.16,0,,83.1466,81.8132,81.7264,82.03648,50,50.1247,47.8827,49.296355,65.6664175,,,,,,,,,,,,,
20140429,PJP,3.86992,4.94,4.7,1.38,4.21,3.53,3.39,6.60308,55.2,73.8,72.5,77.0,75.0,50.0,46.9,70.6,56.3,65.65,2.5,97.0,2.5,45.0,36.8,24.8,86.2,55.5,79.4,83.4,97.0,86.6,B
20140429,FUE,6.26152,4.53,6.05,5,4.15,5,7.54,0,,52.0586,48.5342,60.9012,55.42258,50,84.8504,93.8111,75.789005,65.6057925,,,,,,,,,,,,,
20140429,DXJS,4.92947,4.78,5.02,5,3.35,5,5.03,0,,82.5342,68.5451,77.4484,75.79457,50,54.3641,61.4332,55.31085,65.55271,,,,,,,,,,,,,
20140429,GTIP,4.22402,5.09,4.04,5,3,5,4,0,,60.9707,69.4137,64.1368,65.08665,50,54.7382,91.6612,66.00288,65.544765,,,,,,,,,,,,,
20140429,EEM,4.98239,7.18,5.41,3.04,2.71,2.53,5.47,9.44154,66.5,61.6,70.3,61.0,63.9,81.3,59.3,59.7,67.1,65.5,62.5,61.6,96.8,50.0,67.7,33.8,69.6,51.7,99.5,41.2,100.0,80.2,B
20140429,FVL,4.19409,3.99,3.31,1.95,4.78,6.01,4.47,9.53846,67.2,48.6,60.1,73.9,64.7,50.0,84.9,66.9,66.4,65.55,68.7,67.1,99.5,39.7,68.7,48.3,80.5,64.4,29.8,92.9,89.5,70.7,B
20140429,EVX,7.17154,5.7,8.76,1.55,4.03,7.01,4.93,7.88154,59.9,64.8,66.3,62.3,64.0,50.0,51.1,97.6,67.0,65.5,46.6,41.9,50.7,63.9,50.8,71.8,84.5,78.1,9.8,68.9,88.0,55.6,B
20140429,FXR,3.8318,4.36,4.14,1.39,4.08,4.8,3.89,7.41077,60.0,49.3,62.1,76.4,66.7,50.0,84.9,61.0,64.3,65.5,42.7,48.8,50.6,40.6,45.7,80.6,86.1,83.3,54.0,71.8,89.5,71.8,B
20140429,IXN,4.32512,6.01,5.86,1.37,2.56,4.13,3.6,8.41231,62.3,67.7,66.9,73.1,70.2,50.0,70.4,63.1,60.7,65.45,55.8,49.8,57.5,63.2,56.6,48.0,86.3,67.2,67.5,36.9,100.0,68.1,B
20140429,PUI,2.93182,2.55,2.22,1.38,3.8,6.33,5.09,4.86308,47.3,77.2,82.2,79.9,80.1,50.0,84.7,21.6,50.5,65.3,1.0,35.6,33.6,2.9,18.3,64.5,86.2,75.4,23.4,71.1,97.0,63.9,C
20140429,XRT,4.321,5.22,6.62,1.56,4.5,2.78,1.98,6.79692,56.3,69.7,60.7,78.0,71.1,84.5,25.9,62.5,59.2,65.15,49.0,31.4,35.1,42.2,39.4,15.5,84.4,49.9,94.4,91.9,97.0,94.4,B
20140429,DBAW,6.68863,4.87,6.96,5,6.33,5,3.95,0,,75.798,73.7134,81.7698,78.15852,50,13.591,86.7101,51.925835,65.0421775,,,,,,,,,,,,,
20140429,IYR,5.05316,5.16,5.81,5,3,5,4.26,0,,79.5896,78.7079,70.2172,74.63889,63.2509,88.9027,17.7199,55.01059,64.82474,,,,,,,,,,,,,
20140429,XTN,4.29136,3.93,7.14,1.57,4.28,4.46,1.66,7.48462,61.3,48.6,65.3,76.7,67.6,50.0,70.4,66.6,62.0,64.8,46.6,34.5,61.5,46.5,47.2,82.5,84.3,83.4,60.9,85.4,97.0,81.1,B
20140429,ENFR,6.54684,4.98,7.9,5,3.95,5,5.43,0,,65.5309,69.7828,81.6178,74.84992,50,8.8529,98.8274,54.74546,64.79769,,,,,,,,,,,,,
20140429,SCHG,2.43336,4.21,4.1,1.56,3.32,4.1,0.82,6.26154,52.4,66.1,64.9,73.4,69.4,50.0,80.0,53.2,60.1,64.75,30.8,36.5,3.9,65.0,34.0,47.1,84.4,65.8,68.0,40.2,80.5,62.9,C
20140429,FDTS,6.67363,5.06,5.78,6.44,4.07,6.74,6.32,5.05231,42.8,79.9,70.4,68.1,71.2,50.0,80.0,47.9,58.3,64.75,0.0,2.2,34.1,47.2,20.9,18.2,35.6,26.9,15.3,71.6,89.5,58.8,D
20140429,DFE,4.83851,4.11,6.62,2.36,3.51,3.55,5.86,5.13077,48.0,69.5,65.9,62.4,64.9,68.6,75.4,51.1,64.5,64.7,0.6,43.8,38.9,4.2,21.8,41.9,76.4,59.2,79.0,54.7,89.5,74.4,C
20140429,LDUR,6.65957,5.42,8.4,5,3.65,5,4.89,0,,53.6352,75.7546,82.7904,74.84862,50,25.8728,83.4528,54.47032,64.65947,,,,,,,,,,,,,
20140429,QXUS,4.83536,4.96,5.14,5,3.4,5,4.17,0,,82.873,81.7481,82.8339,82.51598,50,69.8254,23.8436,46.79288,64.65443,,,,,,,,,,,,,
20140429,CSMN,7.91774,5.46,7.66,5,4.25,7.29,7.34,8.88308,59.7,83.1,53.6,59.6,62.5,50.0,54.8,93.7,66.8,64.65,50.0,50.0,50.0,100.0,62.5,50.0,50.0,50.0,4.3,50.0,62.5,38.9,B
20140429,RWV,7.32042,5.75,8.97,1.76,4,7.13,4.91,9.00308,60.9,46.0,59.8,59.4,56.9,50.0,75.2,92.3,72.4,64.65,48.0,56.0,95.2,56.0,63.8,40.3,82.4,61.4,7.4,38.1,58.0,34.5,B
20140429,TUR,6.55339,7.95,7.69,4.06,2.32,3.46,5.77,8.87846,62.3,65.5,60.7,57.7,60.2,43.1,88.9,77.9,69.0,64.6,59.0,51.5,69.5,70.0,62.5,29.2,59.4,44.3,80.8,29.7,100.0,70.2,B
20140429,FXU,2.77278,2.87,1.93,1.38,4.06,5,5.4,6.13231,53.2,72.6,81.3,79.8,78.8,50.0,84.9,21.1,50.3,64.55,31.7,33.5,32.3,33.8,32.8,58.5,86.2,72.4,50.1,71.4,89.5,70.3,C
20140429,PKW,2.4393,3.64,3.75,1.56,2.61,3.3,4.1,5.79538,50.5,69.9,66.3,74.4,71.0,50.0,80.0,47.1,58.0,64.5,33.7,46.0,33.1,3.9,29.2,32.7,84.4,58.5,84.1,35.2,97.0,72.1,C
20140429,CORN,6.43669,6.41,5.61,5,4.68,5,5.23,0,,87.7589,62.975,63.1813,68.03493,38.1625,88.9027,59.8046,60.959295,64.4971125,,,,,,,,,,,,,
20140429,IDU,4.00653,4.61,6.07,1.37,2.92,3.7,4.11,7.06462,57.8,73.6,82.0,62.8,70.7,50.0,88.9,40.1,58.2,64.45,36.1,40.6,43.4,51.8,43.0,60.5,86.3,73.4,76.1,47.7,100.0,74.6,B
20140429,FMAT,3.67182,4.55,2.21,5,4.88,5,2.73,0,,49.3876,61.1618,82.0304,69.24126,50,88.9027,44.2997,59.675705,64.4584825,,,,,,,,,,,,,
20140429,ICOL,5.25184,4.76,6,5,3,5,5.3,0,,58.1042,54.2888,78.5559,67.18543,50,46.4464,86.3844,61.66846,64.426945,,,,,,,,,,,,,
20140429,IPS,3.7949,4.29,4.2,2.51,2.4,5.77,4.76,5.40769,47.4,88.2,81.2,72.4,78.2,50.0,88.9,18.2,50.6,64.4,2.9,1.4,40.0,56.2,25.1,50.4,74.9,62.6,34.7,29.1,97.0,53.6,C
20140429,YDIV,3.90502,5,1.81,5,3.35,5,5.78,0,,72.9251,77.2313,81.2269,78.36786,50,19.2643,77.4593,50.390045,64.3789525,,,,,,,,,,,,,
20140429,IELG,1.99671,3.05,1.69,1.89,2.91,6.15,3,8.09385,59.7,65.6,70.4,80.5,74.5,50.0,84.5,32.6,54.3,64.4,50.0,50.0,50.0,66.7,54.2,47.5,81.1,64.3,27.0,47.2,100.0,58.0,B
20140429,SCHD,1.55172,3.18,2.19,1.4,3.31,3.66,2.56,6.85231,56.0,80.1,78.4,77.8,78.4,50.0,75.4,29.1,50.3,64.35,0.0,0.0,98.3,65.0,40.8,61.1,86.0,73.6,76.8,39.7,80.5,65.7,B
20140429,GMM,6.11139,7.29,6.1,3.86,2.62,4.73,5.92,9.21538,63.7,70.2,74.0,62.3,67.4,50.0,80.0,56.5,61.3,64.35,66.2,60.4,98.8,40.4,66.4,40.8,61.4,51.1,55.5,35.6,97.0,62.7,B
20140429,QDF,1.94914,2.49,2.03,1.47,3.78,4.37,3.84,7.03692,55.8,74.2,77.8,79.9,78.1,50.0,84.9,21.2,50.4,64.25,0.0,46.5,64.3,60.7,42.9,47.9,85.3,66.6,62.7,49.4,76.0,62.7,B
20140429,GVT,7.89387,4.97,7.37,1.53,6.09,6.77,7.91,8.26,59.7,48.4,65.2,69.0,63.7,50.0,62.2,81.6,64.7,64.2,45.5,99.1,30.4,50.0,56.2,50.3,84.7,67.5,14.6,85.0,42.2,47.3,B
20140429,VOE,3.96049,4.39,5.88,1.86,4,3.43,2.96,6.23385,53.8,68.1,70.1,76.9,73.1,50.0,84.9,35.4,55.4,64.25,30.6,31.6,35.0,39.7,34.2,42.8,81.4,62.1,81.5,72.6,92.5,82.2,C
20140429,GSRA,5.86865,3.81,4.77,5,3.95,9.55,4.86,6.53385,50.0,70.1,67.6,74.5,71.5,50.0,84.9,39.8,56.9,64.2,0.0,50.0,0.0,100.0,37.5,50.0,50.0,50.0,9.1,50.0,71.5,43.5,C
20140429,ULST,5.40433,5.42,7.05,5,3.1,5,3.15,0,,73.3094,66.7861,81.9001,75.64776,50,32.8554,72.6384,52.78006,64.21391,,,,,,,,,,,,,
20140429,COBO,6.25265,5.43,8.66,5,3.18,5,3.72,0,,65.7264,66.1129,59.4028,62.68055,50,50.2494,94.5277,65.659515,64.1700325,,,,,,,,,,,,,
20140429,PXI,5.35791,5.36,6.97,1.39,3.98,4.78,3.9,6.22,55.9,59.3,76.6,78.4,74.0,50.0,39.0,71.4,54.2,64.1,4.5,45.5,35.8,51.0,34.2,93.9,86.1,90.0,54.5,76.5,97.0,76.0,B
20140429,ISRA,3.80202,3.77,3.21,5,3.4,5,5.08,0,,36.0977,52.9316,80.4886,63.34332,50,88.9027,58.8925,64.783185,64.0632525,,,,,,,,,,,,,
20140429,FTCS,3.34194,3.47,2.04,1.75,4.99,4.37,5.48,8.82308,65.9,72.0,71.5,80.9,76.3,50.0,70.4,37.5,51.7,64,50.0,50.0,50.0,100.0,62.5,55.0,82.5,68.7,62.7,99.2,89.5,83.8,B
20140429,EFNL,4.16225,4.41,4.89,1.72,2.93,5.44,4.83,4.14769,43.1,69.3,69.9,73.0,71.3,50.0,50.0,69.0,56.6,63.95,2.5,0.0,0.0,45.0,11.9,47.3,82.8,65.0,41.2,47.8,100.0,63.0,D
20140429,VOOV,2.58363,2.9,5.02,1.41,2.84,4.78,2.08,7.23538,56.5,77.7,77.1,77.9,77.6,50.0,84.9,20.1,50.0,63.8,4.3,97.8,38.0,41.6,45.5,47.5,85.9,66.7,54.5,37.6,92.5,61.5,B
20140429,WEET,5.26395,4.43,6.7,5,3.53,5,4.02,0,,84.8534,62.7144,70.5646,71.0673,50,84.1646,39.2834,56.49857,63.782935,,,,,,,,,,,,,
20140429,DJCI,5.2664,6.8,2.71,5,3.73,5,6.14,0,,82.5212,80.8143,73.9522,77.72463,50,88.9027,16.0261,49.779945,63.7522875,,,,,,,,,,,,,
20140429,XLK,2.31599,5.08,4.1,1.4,2.65,2.67,1.61,8.34769,63.0,71.4,67.6,72.8,70.9,70.7,32.9,62.3,56.4,63.65,58.0,62.5,52.5,57.9,57.7,48.8,86.0,67.4,96.7,36.6,97.0,76.8,B
20140429,IYE,3.35173,4.59,6.1,1.98,2.38,3.11,2.79,7.37385,60.3,83.1,65.8,78.7,75.7,50.0,70.4,36.8,51.5,63.6,41.0,54.9,60.8,32.1,47.2,94.0,80.2,87.1,87.8,31.4,100.0,73.1,B
20140429,IBCC,6.13927,5,8.06,5,3,7.5,2.6,0,,62.9511,65.4615,82.0087,73.23302,50,22.818,84.5603,53.941505,63.5872625,,,,,,,,,,,,,
20140429,JKG,4.27506,3.83,6.85,1.67,3.68,5.74,1.77,7.66923,58.8,47.9,75.6,73.6,69.1,50.0,88.9,39.2,57.9,63.5,69.5,41.5,46.6,44.5,50.5,44.2,83.3,63.7,35.3,70.4,100.0,68.6,B
20140429,IEV,4.43385,5.24,5.34,2.03,2.78,3.27,6.15,6.77385,55.3,85.1,78.3,76.5,78.8,76.0,32.9,33.5,48.2,63.5,34.5,44.6,48.4,35.9,40.8,39.0,79.7,59.3,84.7,43.4,100.0,76.0,B
20140429,PID,2.79152,3.97,1.78,2.75,3.7,4.23,4.68,8.36154,61.9,85.6,78.0,72.5,76.8,50.0,84.9,20.6,50.2,63.5,39.6,43.2,52.1,97.2,58.0,39.9,72.5,56.2,65.4,68.0,97.0,76.8,B
20140429,THHY,4.47954,5.13,4.11,5,3.4,5,4.17,0,,67.4723,66.3952,59.6308,63.22842,50,66.2095,74.9186,63.58436,63.40639,,,,,,,,,,,,,
20140429,QDXU,4.87363,4.86,5.34,5,3.4,5,4.16,0,,85.7655,82.1607,82.8122,83.20741,50,19.2643,58.0456,43.59525,63.40133,,,,,,,,,,,,,
20140429,URTH,4.16587,4.69,5.34,1.61,2.93,6.02,3.22,5.09846,46.7,74.8,73.6,71.3,72.7,50.0,43.7,66.8,54.0,63.35,0.0,4.5,31.8,55.0,22.8,42.2,83.9,63.0,29.6,47.8,100.0,59.1,C
20140429,FGM,5.09462,4.2,4.76,2.8,4.1,5.54,6.33,7.55385,56.7,66.4,63.8,71.3,68.1,50.0,66.2,60.7,58.6,63.35,0.0,97.8,0.0,100.0,49.4,25.9,72.0,49.0,39.2,72.6,89.5,67.1,B
20140429,CSCB,6.64882,5.16,7.55,5,4.25,5,5.61,0,,58.1564,63.7459,67.6982,64.60415,50,35.4738,96.8078,62.02487,63.31451,,,,,,,,,,,,,
20140429,IQDY,4.99151,5.1,4.53,2,4.05,6.66,4.32,7.71077,56.6,62.0,70.8,77.8,72.5,50.0,43.5,67.0,54.0,63.25,50.0,50.0,50.0,55.0,51.2,35.1,80.0,57.6,16.9,57.6,76.0,50.2,B
20140429,ENOR,3.87766,3.98,4.03,2.78,2.53,6.38,4.84,7.69692,56.3,85.9,79.0,70.6,76.2,50.0,50.0,50.7,50.2,63.2,38.4,69.5,41.6,55.0,51.1,34.3,72.2,53.3,22.5,36.0,100.0,52.9,B
20140429,EWO,4.7439,6.51,4.08,1.97,3.42,4.43,5.16,7.60462,58.3,77.4,68.4,64.5,68.3,50.0,70.4,55.6,58.1,63.2,50.2,50.5,60.4,39.3,50.1,30.5,80.3,55.4,61.4,62.6,100.0,74.7,B
20140429,FTHI,3.92717,3.92,0.84,5,3.35,7.5,6.45,0,,66.7166,82.3127,83.1813,79.62778,50,61.4713,30.6189,46.658005,63.1428925,,,,,,,,,,,,,
20140429,GQRE,5.83039,5.24,6.9,5,3.8,5,4.15,0,,83.3941,80.836,82.1173,81.98827,50,61.9077,23.2573,44.212365,63.1003175,,,,,,,,,,,,,
20140429,TDV,5.47374,2.78,4.95,5,6.33,5,5.65,0,,62.1173,70.8252,68.7405,68.04127,50,54.8005,69.1205,58.132325,63.0867975,,,,,,,,,,,,,
20140429,FNDX,2.83446,3.76,1.6,5,3.65,5,3.6,0,,78.0912,75.9935,81.6395,79.23604,50,70.1372,23.9739,46.932025,63.0840325,,,,,,,,,,,,,
20140429,DHS,2.62374,3.27,4.01,1.61,2.37,4.81,3.75,5.77231,49.4,87.5,81.3,78.2,81.0,50.0,70.4,18.4,45.1,63.05,3.2,63.5,52.6,2.1,30.4,47.8,83.9,65.8,53.8,20.5,89.5,54.6,C
20140429,EMCR,6.96667,6.2,3.78,4.41,4.79,9.6,5.76,9.81538,64.8,66.2,70.5,65.2,67.0,50.0,46.9,78.6,59.1,63.05,96.9,3.1,96.9,100.0,74.2,36.0,55.9,46.0,8.1,77.5,73.8,53.1,B
20140429,PRF,3.03647,4.05,5.44,1.51,2.53,3.61,2.96,7.44769,58.2,76.5,74.4,77.6,76.4,50.0,75.4,27.0,49.6,63,44.9,65.8,43.9,39.7,48.6,48.2,84.9,66.6,77.9,32.9,97.0,69.3,B
20140429,SHYD,2.7577,5.22,0.14,5,3.4,5,3.69,0,,67.8111,83.2248,83.2682,80.16376,50,88.9027,4.6906,45.81252,62.98814,,,,,,,,,,,,,
20140429,AMPS,4.15281,5,4.28,5,3,5,3.51,0,,77.4267,71.9761,65.7003,69.92832,50,66.2095,53.355,56.0371,62.98271,,,,,,,,,,,,,
20140429,DVY,2.97355,3.18,4.75,1.4,3.67,3.23,3.8,6.37231,55.6,85.5,80.8,78.8,80.7,67.5,54.8,14.8,45.2,62.95,2.0,35.4,67.0,43.6,37.0,56.5,86.0,71.2,85.5,70.2,100.0,85.2,B
20140429,FILL,4.2714,5.21,4.8,2.01,2.06,6.86,3.89,4.27692,43.8,84.0,64.3,57.1,64.6,50.0,70.4,64.8,61.3,62.95,0.0,0.0,2.2,55.0,14.3,88.2,79.9,84.1,12.9,21.9,100.0,44.9,D
20140429,SCHH,3.48264,4.29,3.81,5,3.65,5,1.85,0,,79.9414,80.2497,74.4517,77.28904,50,70.4489,28.3388,48.55325,62.921145,,,,,,,,,,,,,
20140429,SDOG,2.69965,2.55,2.07,1.56,5.46,4.27,3.95,6.06769,53.0,86.6,80.6,79.4,81.2,50.0,62.2,23.9,44.5,62.85,30.0,2.5,65.0,37.5,33.8,48.9,84.4,66.7,64.6,95.2,71.5,77.1,C
20140429,IXUS,2.24719,3.73,3.34,2.02,2.65,3.93,2.95,5.97538,51.1,77.6,75.4,75.7,76.0,50.0,70.4,31.7,49.7,62.85,31.2,3.1,34.4,62.5,32.8,35.3,79.8,57.5,71.4,39.6,100.0,70.3,C
20140429,RDVY,3.07565,4.07,1.56,5,3.35,5,4.53,0,,47.6417,79.7286,83.0076,74.95072,50,61.4713,42.1498,50.69382,62.82227,,,,,,,,,,,,,
20140429,SPXH,3.57361,3.78,1.57,5,3.9,5,5.93,0,,73.114,69.1097,80.9446,75.82801,50,69.8254,32.443,49.80267,62.81534,,,,,,,,,,,,,
20140429,IWN,3.96229,4.52,7.22,1.64,2.95,3.07,2.82,7.07385,57.1,32.7,53.1,64.2,54.6,85.2,84.9,45.1,71.1,62.85,39.6,57.6,46.9,34.8,44.7,39.6,83.6,61.6,88.7,48.5,100.0,79.1,B
20140429,LGLV,3.66914,4.11,3.62,1.57,3.69,6.63,3.13,7.55385,58.0,63.6,74.3,80.3,75.1,50.0,59.3,43.3,50.4,62.75,50.0,50.0,50.0,50.0,50.0,51.0,84.3,67.6,17.4,67.6,97.0,60.7,B
20140429,IBCB,5.00722,5.41,6.55,5,3,5,2.6,0,,52.3844,63.5288,78.8165,68.94377,50,65.586,55.6352,56.64812,62.795945,,,,,,,,,,,,,
20140429,IWS,2.81988,3.8,5.04,1.74,3.1,3.37,2.42,6.68615,55.4,55.8,67.7,76.6,69.7,50.0,88.9,33.2,55.8,62.75,47.8,36.5,46.4,31.8,40.6,41.4,82.6,62.0,82.6,52.9,100.0,78.5,B
20140429,IBDD,4.84284,5.32,6.24,5,3,5,2.62,0,,80.5537,76.1455,81.3572,79.63299,50,84.2269,8.8599,45.869035,62.7510125,,,,,,,,,,,,,
20140429,IWO,4.23992,5.65,7.98,1.43,2.88,3.03,1.25,7.80769,60.5,39.5,35.1,57.0,46.9,81.6,80.0,74.1,78.5,62.7,44.8,60.8,45.1,60.4,52.8,43.5,85.7,64.6,89.5,46.3,100.0,78.6,B
20140429,TDIV,1.74661,3.65,1.5,1.6,2.68,3.56,4.54,4.64615,45.8,72.2,72.5,77.8,75.1,50.0,43.7,56.0,50.2,62.65,2.8,0.0,2.8,68.8,18.6,50.2,84.0,67.1,78.9,29.9,89.5,66.1,C
20140429,EDEN,3.86663,4.03,4.79,0.78,2.91,5.57,4.83,4.01385,41.5,74.5,74.0,63.1,68.6,50.0,50.0,68.8,56.6,62.6,0.0,2.1,0.0,45.0,11.8,19.4,92.2,55.8,38.6,47.4,100.0,62.0,D
20140429,PUW,5.4715,5.29,5.16,2.01,4.37,6.25,4.78,7.53077,59.4,43.4,59.4,71.2,62.1,50.0,80.0,61.7,63.1,62.6,34.1,68.8,40.4,56.2,49.9,68.7,79.9,74.3,25.0,88.0,97.0,70.0,B
20140429,SIZ,7.89167,5.09,7.34,5,4.98,7.05,7.43,5.75846,45.6,50.7,62.9,57.8,57.9,50.0,75.4,77.5,67.3,62.6,0.0,58.4,30.6,34.0,30.7,50.0,50.0,50.0,9.0,50.0,40.8,33.2,C
20140429,VTI,2.51969,4.28,5.87,1.56,2.23,2.6,1.51,7.30923,57.4,65.5,65.7,73.5,69.6,50.2,75.4,44.0,55.6,62.6,48.8,61.6,48.8,30.6,47.5,44.1,84.4,64.2,98.0,19.4,92.5,70.0,B
20140429,NORW,5.70658,6.97,3.75,4.62,3.57,5.27,6.08,7.63692,55.8,79.3,80.2,67.7,73.8,50.0,54.8,49.7,51.3,62.55,34.8,62.8,51.9,55.0,51.1,42.3,53.8,48.0,44.6,43.9,76.8,55.1,B
20140429,FONE,5.68915,6.14,4.57,2,4.02,5.57,6.38,5.53692,49.4,52.3,63.0,75.8,67.2,50.0,43.7,77.6,57.8,62.5,4.4,33.8,32.4,43.2,28.4,49.0,80.0,64.5,38.6,70.1,89.5,66.1,C
20140429,EPRO,4.55947,4.02,1.86,5,4.03,6.19,7.38,7.52615,54.8,81.3,79.9,82.8,81.6,50.0,54.8,26.8,43.3,62.45,50.0,50.0,50.0,50.0,50.0,50.0,50.0,50.0,26.2,50.0,69.2,48.5,C
20140429,VOOG,3.10044,4.04,5.5,1.56,3.01,4.36,1.62,5.79077,50.5,68.7,65.8,72.7,69.8,50.0,66.2,50.6,55.1,62.45,1.7,45.7,45.7,31.6,31.2,43.4,84.4,63.9,62.8,42.7,92.5,66.0,C
20140429,PYZ,4.97009,4.61,6.24,1.39,3.88,5.65,3.98,6.19692,52.7,45.7,58.1,71.2,62.2,50.0,80.0,60.5,62.7,62.45,31.8,30.7,44.9,35.0,35.6,46.2,86.1,66.2,37.0,73.3,97.0,69.1,C
20140429,FTW,6.40161,6.13,5.84,1.16,4,6.77,6.35,6.61692,53.0,42.7,66.3,67.2,62.0,50.0,54.8,82.5,62.8,62.4,0.0,54.5,47.8,58.4,40.2,35.6,88.4,62.0,14.7,69.6,89.5,57.9,C
20140429,SCHV,1.79811,3.24,3.11,1.44,3.19,3.81,1.99,7.92769,59.8,78.5,74.2,75.5,75.7,50.0,75.4,25.0,48.9,62.3,35.6,99.0,37.5,46.0,54.5,47.7,85.6,66.6,73.8,36.1,80.5,63.5,B
20140429,IWL,2.7488,3.41,3.35,1.48,3.13,6.65,2.08,7.76154,58.3,65.4,72.9,76.5,73.2,50.0,46.9,56.6,51.4,62.3,34.1,97.2,38.6,40.8,52.7,45.9,85.2,65.6,17.1,53.9,100.0,57.0,B
20140429,MGV,2.8303,3.61,4.45,1.41,3.17,4.8,2.25,4.81692,46.4,80.4,76.7,77.3,77.8,50.0,70.4,23.3,46.8,62.3,3.6,44.5,2.5,32.7,20.8,47.8,85.9,66.9,54.0,47.6,92.5,64.7,C
20140429,IWY,2.49385,3.99,3.59,1.57,2.96,5.01,1.77,6.79692,54.9,71.1,68.2,73.6,71.5,50.0,62.2,48.1,53.0,62.25,30.4,42.2,50.5,46.0,42.3,45.5,84.3,64.9,49.9,48.8,100.0,66.2,C
20140429,EIDO,4.75622,6.19,5.99,4.09,2.32,3.73,4.12,8.88769,62.5,54.9,62.5,61.7,60.6,50.0,59.3,81.4,63.8,62.2,68.0,67.7,69.3,55.0,65.0,36.9,59.1,48.0,75.5,29.5,100.0,68.3,B
20140429,RSP,3.5771,3.85,5.17,1.48,4.91,3.13,2.56,7.40154,60.0,61.9,66.3,75.4,70.0,39.6,88.9,39.6,54.4,62.2,58.0,48.4,40.1,48.9,48.9,45.6,85.2,65.4,87.5,96.1,88.8,90.8,B
20140429,FNCL,3.77629,4.69,2.33,5,4.88,5,2.71,0,,52.0717,58.7731,81.9218,69.00717,50,79.9875,39.544,55.33665,62.17191,,,,,,,,,,,,,
20140429,IVV,3.31765,4.59,6.96,1.49,2.76,2.57,1.6,8.09846,62.1,72.3,70.7,75.4,73.4,56.2,59.3,38.5,50.9,62.15,55.5,70.0,54.5,46.0,56.5,45.5,85.1,65.3,98.7,42.9,100.0,80.5,B
20140429,ERO,6.99138,5.52,9.78,5,3.53,5,4.06,0,,63.6678,65.8958,58.9902,61.9974,50,32.7307,99.8697,62.273605,62.1355025,,,,,,,,,,,,,
20140429,RPV,2.83334,3.13,4.75,1.57,4.14,3.45,2.35,6.03538,53.2,72.0,77.6,79.8,77.6,50.0,70.4,22.9,46.6,62.1,43.9,34.8,4.9,53.1,34.2,48.2,84.3,66.2,81.0,72.8,88.8,80.8,C
20140429,PALL,6.47346,4.27,7.79,5,4.08,5,6.21,0,,72.1238,75.8415,72.9316,73.64301,50,29.5511,69.1857,50.580325,62.1116675,,,,,,,,,,,,,
20140429,MLPN,4.83923,4.06,2.85,5,4.25,4.77,7.93,7.20769,54.2,83.5,81.4,78.8,80.5,50.0,29.6,49.5,43.7,62.1,50.0,50.0,50.0,37.5,46.9,50.0,50.0,50.0,54.7,50.0,62.5,55.7,C
20140429,DBEU,4.60971,4.38,2.27,5,6.33,5,4.13,0,,81.2182,76.0803,81.5527,79.84408,50,38.591,43.3876,44.26296,62.05352,,,,,,,,,,,,,
20140429,FBT,5.3831,5.69,7.29,1.4,4.93,3.58,2.79,7.85385,60.8,63.9,40.5,63.8,56.8,50.0,62.2,88.7,67.2,62,40.9,40.9,34.1,100.0,54.0,25.0,86.0,55.5,78.5,97.3,89.5,88.4,B
20140429,WMW,4.14074,2.18,2.42,5,4.15,6.23,7.54,5.17692,44.5,46.2,71.2,77.6,69.4,50.0,88.9,29.9,54.6,62,0.0,0.0,0.0,100.0,25.0,50.0,50.0,50.0,25.5,50.0,65.5,47.0,D
20140429,DNL,5.30855,6.79,4.93,2.37,2.85,5.84,4.78,4.74308,44.0,70.9,73.1,66.2,69.2,50.0,75.4,41.8,54.8,62,31.9,3.8,3.8,41.6,20.3,40.3,76.3,58.3,33.2,35.0,89.5,52.6,D
20140429,IEMG,3.07002,5.42,3.87,3.05,2.5,3.27,3,8.34769,60.9,56.2,69.8,66.3,65.3,50.0,75.4,52.9,58.6,61.95,68.8,0.0,68.8,100.0,59.4,31.3,69.5,50.4,84.7,35.0,100.0,73.2,B
20140429,SCHF,3.03783,5.07,3.35,1.59,3.38,3.43,3.45,6.34462,53.1,82.2,76.8,69.9,74.4,50.0,75.4,26.9,49.5,61.95,4.7,50.5,37.2,58.4,37.7,44.4,84.1,64.3,81.5,41.9,80.5,68.0,C
20140429,GMMB,7.25549,5.3,8.94,5,4.93,5,4.53,0,,60.2801,65.0054,58.8817,60.99849,50,66.2095,73.0945,62.945925,61.9722075,,,,,,,,,,,,,
20140429,PGAL,3.62494,3.64,2.4,5,3.78,5,5.28,0,,69.3746,69.1314,82.139,75.68384,50,38.9651,54.3322,48.2058,61.94482,,,,,,,,,,,,,
20140429,QYLD,5.8396,5,2.25,5,6.33,7.5,5.23,0,,59.7589,42.5624,82.5299,65.98545,50,79.4264,47.2964,57.88166,61.933555,,,,,,,,,,,,,
20140429,ERW,4.93557,4.89,4,5,3.9,5,5.6,0,,74.9837,78.9034,82.2041,79.76981,50,50.6234,32.1824,43.95086,61.860335,,,,,,,,,,,,,
20140429,CSLS,6.73584,6.6,5.11,5,4.25,7.12,5.3,8.62462,58.7,52.7,61.4,58.7,58.3,50.0,51.1,93.1,65.4,61.85,50.0,50.0,50.0,100.0,62.5,50.0,50.0,50.0,7.6,50.0,62.5,40.0,B
20140429,VONE,2.80279,4.16,5.44,1.59,2.71,3.68,1.57,5.07077,47.5,73.8,70.6,75.3,73.6,50.0,62.2,39.7,50.1,61.85,4.5,47.8,2.2,41.6,24.0,44.4,84.1,64.2,76.5,33.7,92.5,67.6,C
20140429,WDIV,4.10234,4.54,4.15,5,3.1,5,4.06,0,,79.3616,83.051,81.1835,81.37937,50,65.586,14.4625,42.237675,61.8085225,,,,,,,,,,,,,
20140429,FDL,1.46323,2.6,1.79,1.41,2.67,4.11,4.22,7.13846,56.6,86.3,82.0,79.0,81.4,50.0,62.2,17.1,42.1,61.75,30.2,52.5,63.0,40.1,46.5,56.4,85.9,71.1,67.8,29.5,89.5,62.3,B
20140429,PWV,2.5856,3.02,2.46,1.36,4.05,4.32,4.42,8.73077,64.8,75.7,78.8,78.3,78.0,50.0,59.3,28.8,45.4,61.7,46.8,98.0,69.5,40.8,63.8,46.9,86.4,66.7,63.6,78.4,97.0,79.6,B
20140429,ILF,5.80592,8,5.69,3.13,3.08,3.48,5.26,8.40308,61.4,72.6,62.4,61.9,64.2,45.6,66.2,66.5,59.1,61.65,60.9,56.7,69.5,54.1,60.3,29.3,68.7,49.0,80.4,52.4,100.0,77.6,B
20140429,EPHE,3.3122,3.25,5.28,2.83,2.93,3.8,3.96,7.72923,58.4,66.7,75.0,64.9,68.3,50.0,51.1,62.9,54.8,61.55,35.5,64.6,62.2,50.0,53.1,30.6,71.7,51.2,74.0,47.9,100.0,74.0,B
20140429,SHYG,2.79652,4.95,0.32,5,3,5,4.58,0,,88.5277,80.684,83.203,83.51224,50,70.4489,2.7362,39.59234,61.55229,,,,,,,,,,,,,
20140429,INDY,5.29005,5.99,4.27,4.85,3.04,3.45,7.77,8.06154,59.2,56.6,55.1,70.5,63.1,50.0,84.7,48.8,60.0,61.55,43.5,57.6,67.4,58.4,56.7,32.4,51.5,41.9,81.1,51.1,100.0,77.4,B
20140429,SPLV,1.84112,2.86,1.72,1.36,4.58,3.25,3.31,5.5,52.4,88.1,80.5,77.3,80.4,50.0,62.2,18.3,42.6,61.5,41.2,3.0,67.7,4.3,29.0,54.2,86.4,70.3,85.0,94.4,97.0,92.1,C
20140429,DI,6.14797,5.34,6.18,5,3.65,5,6.48,0,,45.0619,76.8187,82.7036,73.40979,50,88.9027,15.3094,49.5291,61.469445,,,,,,,,,,,,,
20140429,IXC,4.50798,5.54,5.7,2.23,2.68,4.32,4.41,7.55846,60.3,88.6,66.4,79.2,77.3,50.0,62.2,27.1,45.7,61.5,38.4,50.9,63.4,52.5,51.3,91.2,77.7,84.5,63.7,40.5,100.0,68.1,B
20140429,EMFN,5.77688,5.98,4.63,3.3,2.87,6.43,7.07,8.36615,58.1,67.8,76.1,60.6,66.7,50.0,51.1,66.8,56.2,61.45,65.7,31.6,95.3,47.8,60.1,11.5,67.0,39.3,21.5,46.0,100.0,55.9,B
20140429,INFL,5.62975,5,5.96,5,3.1,5,6.24,0,,52.1368,46.6884,56.6884,52.77808,50,84.0399,78.241,70.09632,61.4372,,,,,,,,,,,,,
20140429,IWD,2.71931,3.92,5.85,1.51,2.35,2.87,2.37,8.33385,62.4,76.5,75.0,77.3,76.5,62.5,51.1,26.1,46.3,61.4,48.2,97.2,53.5,40.2,59.8,44.9,84.9,64.9,92.6,30.6,100.0,74.4,B
20140429,VONV,2.3064,3.01,5.3,1.53,2.56,3.67,1.94,6.15077,52.1,76.4,75.5,77.8,76.8,50.0,66.2,24.5,45.9,61.35,31.8,65.9,2.2,45.0,36.2,44.0,84.7,64.4,76.6,29.2,92.5,66.1,C
20140429,TZY,4.03772,3.9,5.1,5,3,5,3.51,0,,71.785,70.5429,73.8654,72.45257,50,62.2195,40.3909,50.302665,61.3776175,,,,,,,,,,,,,
20140429,VOX,4.24456,5.2,5.88,1.39,3.05,4.21,3.67,8.74462,62.6,51.1,58.4,62.2,58.9,50.0,88.9,56.2,63.8,61.35,50.0,53.7,53.7,100.0,64.3,25.3,86.1,55.7,65.9,44.0,92.5,67.5,B
20140429,PWC,4.33865,4.23,5.63,1.63,3.2,6.05,3.65,7.53538,57.5,47.4,58.3,74.0,64.0,50.0,66.2,60.9,58.7,61.35,44.1,59.6,67.0,33.9,51.2,47.6,83.7,65.6,29.0,53.1,97.0,59.7,B
20140429,SPHD,2.05018,2.55,1.78,1.38,4.28,4.62,3.53,8.49077,64.2,79.3,83.1,80.3,81.0,50.0,59.3,18.0,41.6,61.3,39.3,46.5,60.7,100.0,61.6,55.5,86.2,70.9,57.7,85.4,97.0,80.1,B
20140429,TLT,4.79996,4.71,6.05,5,3,5,3.65,0,,50.0261,73.2573,64.0065,63.98566,87.9859,70.4489,18.9577,58.56493,61.275295,,,,,,,,,,,,,
20140429,DGRW,2.77347,3.86,1.77,5,3.35,5,3.41,0,,69.0228,73.8654,80.7058,76.31708,50,50.9975,38.3713,46.229205,61.2731425,,,,,,,,,,,,,
20140429,IHE,3.97698,4.95,6.41,1.43,2.79,4.04,2.79,4.38769,44.0,72.4,73.7,77.3,75.2,50.0,23.0,65.3,47.3,61.25,0.6,0.6,35.5,32.4,17.2,24.7,85.7,55.2,69.2,43.8,100.0,71.0,D
20140429,TDX,6.91122,3.69,8.52,5,6.33,5,4.19,0,,56.6189,61.1183,42.4539,50.88622,50,66.0848,97.8502,71.57301,61.229615,,,,,,,,,,,,,
20140429,FWDD,8.38024,5.97,8.88,5,4.03,6.7,7.38,6.46,49.9,55.7,64.0,63.1,61.9,50.0,29.6,97.5,60.5,61.2,35.3,42.6,30.9,50.0,39.7,50.0,50.0,50.0,16.1,50.0,69.2,45.1,C
20140429,SYLD,4.28462,3.8,2.58,5,5.2,5,5.04,0,,63.6156,63.9197,80.1846,71.99133,50,61.4713,40.9121,50.260625,61.1259775,,,,,,,,,,,,,
20140429,TDH,5.35195,3.51,4.2,5,6.33,5,5.26,0,,36.3322,58.013,60.4235,54.88209,50,88.9027,66.2541,67.359745,61.1209175,,,,,,,,,,,,,
20140429,TLTE,,,,,,,,,,45.7915,65.114,64.81,61.0975,50,59.2893,73.8762,61.14346,61.12048,,,,,,,,,,,,,
20140429,ALFA,5.63868,4.3,4.05,5,5.45,4.88,6.78,6.70923,50.7,45.5,38.5,62.4,51.9,50.0,88.9,74.6,70.3,61.1,0.0,40.0,30.0,100.0,42.5,50.0,50.0,50.0,52.4,50.0,26.5,43.0,C
20140429,KME,6.28428,3.86,9.6,5,3.1,5,4.88,0,,59.3941,63.2465,58.5993,60.15242,50,32.419,98.9577,61.860895,61.0066575,,,,,,,,,,,,,
20140429,VOO,3.34343,4.51,6.77,1.53,2.99,2.73,1.57,9.23846,66.6,73.4,71.1,75.0,73.5,59.7,46.9,38.6,48.5,61,54.5,69.8,55.7,100.0,70.0,45.1,84.7,64.9,95.5,42.2,92.5,76.7,B
20140429,IEFA,1.98728,3.2,3.79,1.59,2.41,3.84,2.79,5.87385,50.7,80.0,74.1,76.1,76.3,50.0,66.2,23.6,45.6,60.95,34.4,3.1,34.4,62.5,33.6,36.9,84.1,60.5,73.2,32.4,100.0,68.5,C
20140429,SDY,3.21378,3.56,4.83,1.35,3.97,3.31,3.48,3.77846,43.9,63.9,76.5,73.8,72.7,92.6,29.6,22.6,49.2,60.95,0.5,35.5,4.5,3.0,10.9,46.2,86.5,66.3,83.9,76.0,97.0,85.6,D
20140429,USV,6.52088,5.76,7.09,5,3.73,5,5.71,0,,39.8762,55.2552,52.4756,50.7896,50,88.9027,76.7427,71.030755,60.9101775,,,,,,,,,,,,,
20140429,RTM,5.42217,5.34,6.69,1.41,4.85,4.88,3.16,7.18923,57.9,57.1,65.6,74.3,68.3,50.0,51.1,59.0,53.5,60.9,43.5,46.4,49.1,52.4,47.9,46.2,85.9,66.1,52.5,94.3,88.8,78.5,B
20140429,DLN,2.78863,3.63,4.53,1.53,2.98,4.05,2.93,6.33538,53.2,75.6,79.8,78.3,78.2,50.0,59.3,23.5,43.5,60.85,40.5,62.2,50.0,2.2,38.7,50.9,84.7,67.8,69.1,39.0,89.5,65.9,C
20140429,FMK,3.72267,3.2,2.61,1.52,4.1,6.44,5.8,6.69077,54.3,67.2,66.1,70.8,68.6,50.0,59.3,50.7,53.0,60.8,4.4,55.9,50.0,60.0,42.6,51.8,84.8,68.3,21.3,72.5,89.5,61.1,C
20140429,DIV,3.66584,2.1,4.14,2.56,5.25,4.99,4.16,7.17077,56.2,79.3,82.9,80.4,80.9,50.0,62.2,12.9,40.7,60.8,50.0,50.0,50.0,41.1,47.8,34.3,74.4,54.3,50.2,94.2,76.8,73.7,B
20140429,DBKO,8.00143,5.22,7.47,5,6.33,7.5,4.97,0,,42.8339,68.0456,81.5961,69.77851,50,13.591,86.3192,51.78902,60.783765,,,,,,,,,,,,,
20140429,PICB,2.54828,3.76,1.06,5,3.1,5,4.18,0,,86.2345,79.2291,75.494,78.76263,50,75.4364,7.6222,42.79869,60.78066,,,,,,,,,,,,,
20140429,XLV,2.25911,4.15,4.33,1.39,2.99,2.57,2.04,7.04615,56.5,64.9,48.9,74.3,64.8,44.9,70.4,56.3,56.5,60.65,48.6,37.1,51.4,49.1,46.6,24.7,86.1,55.4,98.6,46.6,97.0,80.8,B
20140429,FUD,5.63767,6.12,3.63,5,3.73,5,7.14,0,,78.5733,61.8675,77.3616,72.95571,50,25.8728,66.0586,48.38235,60.66903,,,,,,,,,,,,,
20140429,USCI,5.6069,6.47,4.37,5,3.95,5,5.06,0,,85.3095,65.1683,78.8382,76.03149,50,66.2095,22.4104,45.20649,60.61899,,,,,,,,,,,,,
20140429,DXGE,3.94378,4.85,2.93,5,3.35,5,4.46,0,,72.3844,69.2834,81.683,76.1034,50,13.5287,67.2964,45.11235,60.607875,,,,,,,,,,,,,
20140429,LEMF,6.04378,5.26,4.78,5,3.88,7.5,5.47,0,,33.4397,58.1542,99.2617,73.76505,50,88.9027,9.2508,47.40859,60.58682,,,,,,,,,,,,,
20140429,EZA,5.49712,5.62,7.15,3.56,2.88,3.52,5.57,6.64923,52.9,71.2,73.8,65.9,69.3,68.6,35.6,49.1,51.8,60.55,33.0,41.6,55.9,38.9,42.4,19.5,64.4,42.0,79.7,46.3,100.0,75.3,C
20140429,CCXE,5.48141,7.06,3.82,3.25,3.27,6.44,4.99,8.05231,58.0,75.5,77.3,65.2,70.9,50.0,54.8,46.6,50.2,60.55,61.6,58.1,70.0,40.6,57.6,42.3,67.5,54.9,21.3,47.6,89.5,52.8,B
20140429,JKD,3.50058,3.82,5.66,1.42,3.09,5.28,2.21,7.88154,59.7,68.6,70.5,76.2,73.0,50.0,70.4,27.2,48.2,60.6,48.3,60.1,65.7,48.8,55.7,46.2,85.8,66.0,44.5,52.7,100.0,65.7,B
20140429,RTR,5.37306,5.62,4.18,2.07,4.02,6.85,5.27,6.65846,51.6,85.2,79.0,71.6,76.5,50.0,35.6,46.9,44.6,60.55,35.9,48.4,41.6,44.0,42.5,54.2,79.3,66.8,13.0,38.7,58.0,36.6,C
20140429,IYH,3.45754,4.48,6.09,1.4,2.38,3.73,3.03,7.33231,56.6,73.3,47.7,72.9,65.4,50.0,54.8,62.2,55.7,60.55,49.0,49.3,52.1,48.7,49.8,24.7,86.0,55.3,75.4,31.3,100.0,68.9,B
20140429,PXLC,2.48365,2.23,2.46,1.36,3.54,6.53,3.78,7.54923,57.7,79.5,76.4,78.3,78.0,50.0,54.8,26.3,43.2,60.6,46.9,57.8,68.7,35.0,52.1,47.2,86.4,66.8,19.4,63.2,97.0,59.9,B
20140429,IVOV,3.92401,2.93,6.3,1.63,3.85,5.41,2.75,5.47692,49.1,52.0,64.3,74.8,67.1,50.0,88.9,28.1,54.0,60.55,1.7,30.1,31.9,55.0,29.7,41.9,83.7,62.8,41.9,68.0,92.5,67.5,C
20140429,TZW,3.31176,2.63,4.61,5,3,5,3.5,0,,67.2638,68.7622,74.1911,71.17697,50,70.4489,32.1173,49.875725,60.5263475,,,,,,,,,,,,,
20140429,RALS,3.87603,4.18,1.88,5,3.18,5.22,6.84,3.93077,40.7,62.7,76.8,75.8,73.5,50.0,62.2,32.4,47.5,60.5,0.0,3.5,0.0,48.4,13.0,50.0,50.0,50.0,45.6,50.0,94.8,63.5,D
20140429,PXQ,5.5594,6.46,5.67,1.36,4.12,6.4,3.12,7.85385,60.0,42.1,52.5,58.9,53.6,50.0,70.4,82.1,67.4,60.5,61.6,54.2,51.2,55.0,55.5,51.8,86.4,69.1,22.1,80.6,97.0,66.6,B
20140429,EFA,3.82601,5.47,5.82,1.75,2.65,2.54,3.92,7.02308,56.8,81.8,76.0,71.1,74.7,80.2,25.9,29.8,46.3,60.5,42.9,55.6,52.9,34.5,46.5,38.5,82.5,60.5,99.2,39.4,100.0,79.5,B
20140429,ONEK,4.16587,5.04,6.01,1.53,2.59,5.64,2.63,7.14769,55.5,72.2,69.4,81.2,75.9,50.0,32.4,50.9,45.0,60.45,50.0,50.0,50.0,41.6,47.9,44.8,84.7,64.8,37.3,34.6,97.0,56.3,B
20140429,FHLC,3.99934,4.44,3.12,5,4.88,5,2.72,0,,70.0782,44.6254,81.6612,68.23386,50,50,57.5244,52.63354,60.4337,,,,,,,,,,,,,
20140429,QUAL,3.6075,4.49,3.88,5,3,5,2.88,0,,77.6352,71.1075,81.2704,77.49449,50,32.419,46.0586,43.34621,60.42035,,,,,,,,,,,,,
20140429,BSJH,2.17485,3.44,0.25,5,3.38,5,4.1,0,,63.8241,76.9924,80.0109,75.86799,50,88.9027,2.1498,44.92324,60.395615,,,,,,,,,,,,,
20140429,JJS,6.09518,5.97,7.1,5,3.53,5,4.13,0,,63.9805,56.4604,77.0575,68.26297,50,16.6459,85.6678,52.4775,60.370235,,,,,,,,,,,,,
20140429,YMLI,3.76941,3.27,0.96,5,4.7,5.74,6.4,5.71231,46.6,80.5,78.5,79.9,79.6,50.0,43.5,30.0,41.0,60.3,30.0,50.0,0.0,50.0,32.5,50.0,50.0,50.0,35.3,50.0,49.0,44.8,C
20140429,HOLD,7.05059,6.66,8.57,5,4.03,5,3.63,0,,41.4397,38.9034,48.9142,44.41606,50,88.9027,91.5309,76.206625,60.3113425,,,,,,,,,,,,,
20140429,NASH,7.35042,5.15,8.38,5,5.88,5,4.5,0,,46.671,62.3127,78.0782,67.06711,50,5.6733,98.1107,53.540735,60.3039225,,,,,,,,,,,,,
20140429,ITA,4.35053,4.84,6.84,1.39,3.26,4.46,2.6,7.82154,62.0,58.3,78.5,75.2,72.8,50.0,19.3,69.9,47.7,60.25,36.6,43.4,98.4,43.2,55.4,82.9,86.1,84.5,60.9,57.9,100.0,72.9,B
20140429,EXI,4.50851,5.18,6.03,1.55,2.97,4.12,4.56,6.69538,56.4,52.9,68.3,72.6,67.4,50.0,88.9,25.5,53.1,60.25,41.1,37.2,56.1,38.4,43.2,70.9,84.5,77.7,67.7,49.2,100.0,72.3,B
20140429,PXMV,3.0657,2.81,2.88,1.45,3.85,6.5,3.93,5.73538,50.0,56.6,70.0,77.7,71.2,50.0,59.3,39.9,49.3,60.25,0.5,45.2,50.5,35.0,32.8,43.0,85.5,64.2,20.1,72.5,97.0,63.2,C
20140429,FLM,6.83955,6.6,6.07,2,3.89,6.57,6.84,5.26,48.9,66.6,70.7,73.8,71.4,50.0,35.6,59.4,49.0,60.2,34.2,0.0,45.0,31.6,27.7,79.4,80.0,79.7,18.7,66.2,89.5,58.1,C
20140429,FEU,4.55892,5.56,4.82,2.26,3.69,4.38,4.29,7.82154,59.8,85.3,77.0,69.3,74.8,50.0,51.1,36.3,45.5,60.15,33.2,40.5,48.3,100.0,55.5,40.9,77.4,59.1,62.4,67.8,97.0,75.7,B
20140429,DBEF,5.90394,5.46,4.89,5.36,6.16,4.74,3.63,6.86154,49.0,79.8,73.2,67.0,71.4,50.0,70.4,29.4,48.9,60.15,47.8,43.2,47.8,41.6,45.1,25.2,46.4,35.8,55.2,44.9,0.0,33.3,C
20140429,DOL,4.90633,5.67,5.51,2.01,3.3,4.51,4.96,7.12923,56.1,83.3,77.6,71.5,75.7,50.0,46.9,37.1,44.6,60.15,36.7,38.5,55.9,61.0,48.0,44.2,79.9,62.1,59.9,48.4,89.5,65.9,B
20140429,NOBL,3.68144,4.96,2.86,5,3.18,5,3.71,0,,72.5407,74.0174,82.3561,77.89141,50,50,28.2085,42.372975,60.1321925,,,,,,,,,,,,,
20140429,CGW,3.6513,4.36,3.01,2.04,3.37,4.31,6.16,6.52462,54.9,55.4,62.8,76.4,68.1,50.0,75.4,34.3,52.1,60.1,36.2,40.0,36.9,52.8,41.5,70.2,79.6,74.9,63.8,49.9,88.8,67.5,C
20140429,HUSE,4.34409,3.23,2.66,5,5.03,4.43,6.84,7.45692,54.7,61.5,44.2,73.2,62.2,50.0,84.9,43.1,58.0,60.1,30.2,43.4,32.9,100.0,51.6,50.0,50.0,50.0,61.4,50.0,39.2,50.2,C
20140429,DTD,2.81003,3.34,4.56,1.51,2.56,5.09,2.98,6.02615,50.6,83.9,78.4,78.0,79.3,50.0,54.8,19.8,40.9,60.1,36.1,59.5,45.2,3.4,36.1,48.9,84.9,66.9,48.3,26.3,89.5,54.7,C
20140429,TTFS,4.29035,2.46,3.73,5,4.03,4.81,7.31,6.67692,52.1,65.2,68.2,77.3,72.2,50.0,75.4,22.2,47.9,60.05,33.0,36.3,41.1,62.5,43.2,50.0,50.0,50.0,53.9,50.0,69.2,57.7,C
20140429,PXJ,5.09215,5.6,5.89,1.93,4.22,5.28,3.06,7.24923,59.8,61.7,78.2,75.4,73.5,50.0,43.7,45.7,46.6,60.05,40.1,54.3,53.3,50.0,49.4,89.8,80.7,85.2,44.5,83.5,97.0,75.0,B
20140429,FENY,3.87381,4.31,2.96,5,4.88,5,2.71,0,,77.3681,66.1889,65.6678,68.16419,50,70.4489,37.8502,51.88224,60.023215,,,,,,,,,,,,,
20140429,INKM,3.28312,4.37,1.09,5,3.1,5,5.92,0,,76.8534,79.9674,75.2769,76.99935,50,70.4489,12.5733,43.035325,60.0173375,,,,,,,,,,,,,
20140429,FXC,4.51824,6.03,3.47,5,3.38,5,3.96,0,,86.3518,75.4072,52.1064,65.94572,77.7385,75.4364,12.1173,54.08045,60.013085,,,,,,,,,,,,,
20140429,PPA,3.5173,4.63,3.71,1.38,3.01,5,4.39,8.03846,61.9,52.6,76.5,74.9,70.9,50.0,29.6,64.9,49.1,60,40.1,42.1,99.0,50.9,58.0,77.8,86.2,82.0,50.0,47.4,97.0,64.8,B
20140429,IDOG,3.32826,3.62,2.03,5,3.95,5,4.53,0,,86.2215,80.1846,81.0749,81.83713,50,29.4264,33.6156,38.09338,59.965255,,,,,,,,,,,,,
20140429,MDIV,2.82177,3.84,0.74,5,3.35,5,5.17,0,,86.6906,81.1401,77.1661,80.2632,50,62.2195,9.9023,39.631655,59.9474275,,,,,,,,,,,,,
20140429,RHS,3.70249,3.31,4.43,1.41,4.9,4.48,3.66,6.10462,55.0,68.0,77.3,78.1,75.9,50.0,43.7,38.3,44.0,59.95,47.5,32.9,31.8,36.3,37.1,74.7,85.9,80.3,60.5,95.6,88.8,81.6,B
20140429,EMIF,5.3621,6.64,3.99,3.66,3.33,4.22,6.88,9.15538,65.9,51.9,73.4,62.5,63.6,50.0,88.9,34.5,56.2,59.9,63.2,98.0,61.2,58.4,70.2,63.1,63.4,63.3,65.7,59.8,100.0,75.1,B
20140429,DEF,3.61664,2.87,2.45,1.78,4.9,5.66,5.59,7.73385,59.5,78.7,83.1,79.5,80.4,50.0,46.9,22.3,39.4,59.9,4.3,98.2,58.4,58.4,54.8,41.9,82.2,62.1,36.8,95.6,88.8,73.7,B
20140429,IXP,4.50091,6.11,4.6,1.56,2.89,4.09,5.44,6.98615,55.5,81.4,75.8,68.2,73.1,50.0,46.9,43.2,46.7,59.9,48.1,51.3,54.2,33.4,46.7,30.1,84.4,57.2,68.3,46.7,100.0,71.7,B
20140429,IOIL,5.94846,4.77,5.77,1.71,4.1,6.94,6.25,7.00462,54.1,51.2,77.5,69.7,68.3,50.0,43.7,59.5,51.5,59.9,31.1,47.8,46.2,62.5,46.9,64.3,82.9,73.6,11.2,47.0,64.0,40.7,C
20140429,ZMLP,3.77714,4.69,2.12,5,3.25,5,5.46,0,,88.5928,66.6015,66.4712,70.93461,50,88.9027,13.355,48.84506,59.889835,,,,,,,,,,,,,
20140429,TRSK,3.48226,3.98,1.16,5,3.9,5,5.93,0,,64.1173,68.8491,81.4658,74.21109,50,70.1372,19.9349,45.518375,59.8647325,,,,,,,,,,,,,
20140429,UTLT,6.44309,4.9,6.2,5,6.33,5,4.15,0,,89.8306,81.5961,80.0977,82.4938,50,38.9651,22.9316,37.21559,59.854695,,,,,,,,,,,,,
20140429,PSCH,3.66145,4.11,5.46,1.38,3.46,3.84,3.55,5.26462,48.5,49.4,37.8,61.9,52.2,50.0,88.9,66.6,67.5,59.85,0.0,64.5,1.3,46.5,28.1,26.2,86.2,56.2,73.2,60.9,97.0,77.0,C
20140429,FXH,3.57426,4.28,4.65,1.43,4.03,3.61,3.55,5.87846,51.3,63.3,41.0,69.3,59.6,50.0,70.4,61.2,60.0,59.8,33.0,31.1,33.5,41.6,34.8,23.7,85.7,54.7,77.8,70.4,89.5,79.2,C
20140429,VBR,4.41613,4.41,6.94,1.7,3.54,4.25,2.95,6.20154,52.7,40.4,57.9,70.2,60.6,50.9,88.9,41.6,59.0,59.8,38.7,42.6,37.4,34.5,38.3,41.0,83.0,62.0,65.0,58.8,92.5,72.1,C
20140429,HYS,3.54357,4.76,1.47,5,3.65,5,4.89,0,,82.9251,79.5548,74.2997,77.60131,50,79.9875,1.4332,41.99787,59.79959,,,,,,,,,,,,,
20140429,EWRM,3.35248,3.43,4.53,1.7,4.02,5.4,2.28,5.68462,50.3,45.3,59.4,73.2,63.5,50.0,84.9,37.6,56.1,59.8,37.1,35.8,2.7,55.0,32.7,49.5,83.0,66.3,42.0,69.4,88.8,66.7,C
20140429,DIM,5.04358,5.14,5.56,1.87,3.67,4.93,5.27,6.80154,54.7,85.3,77.2,74.4,77.4,50.0,51.1,26.6,42.2,59.8,31.9,57.2,45.2,45.0,44.8,42.5,81.3,61.9,51.4,59.5,89.5,66.8,C
20140429,GXG,4.66332,5.68,2.03,3.91,4.11,4.7,6.91,9.55231,65.1,72.7,62.8,61.8,64.3,50.0,84.9,35.2,55.3,59.8,95.5,40.9,95.5,66.7,74.6,37.6,60.9,49.3,56.0,60.1,76.8,64.3,B
20140429,FIDU,3.83898,4.65,2.52,5,4.88,5,2.72,0,,52.5147,65.8306,81.8567,71.18047,50,50,45.2769,48.346915,59.7636925,,,,,,,,,,,,,
20140429,IWZ,3.1205,4.68,5.36,1.63,2.23,4.75,1.7,7.75692,58.4,60.2,60.8,69.4,65.0,50.0,59.3,55.0,54.5,59.75,51.0,58.4,55.9,55.4,55.2,44.3,83.7,64.0,55.0,26.9,100.0,60.6,B
20140429,EFAV,2.85365,4.11,3.8,1.55,3.26,4.08,3.08,5.75385,51.1,89.1,81.9,76.2,80.5,50.0,54.8,14.3,39.0,59.75,0.0,31.9,35.4,66.7,33.5,40.6,84.5,62.6,68.4,57.7,100.0,75.4,C
20140429,VV,2.85936,4.06,5.51,1.52,2.91,3.57,1.65,7.37846,57.9,72.6,69.5,74.7,72.7,50.0,51.1,39.4,46.6,59.65,45.0,69.5,45.9,44.5,51.2,45.0,84.8,64.9,78.6,39.9,92.5,70.3,B
20140429,MDYV,3.57715,2.74,5.87,1.62,3.69,5.87,2.19,5.43077,48.8,45.9,61.9,74.0,64.8,50.0,88.9,29.6,54.5,59.65,2.0,41.5,39.5,37.5,30.1,42.6,83.8,63.2,32.6,67.7,97.0,65.8,C
20140429,GAL,2.63413,3.8,1.49,5,3.1,5,3.8,0,,69.8111,74.6037,71.9544,72.32053,50,75.4364,19.544,46.97132,59.645925,,,,,,,,,,,,,
20140429,FYLD,4.4464,4.81,1.96,5,5.2,5,5.04,0,,88.2801,81.6178,82.7253,83.50401,50,29.5511,26.7101,35.713865,59.6089375,,,,,,,,,,,,,
20140429,EUFN,4.2223,5.84,4.69,2.04,2.72,3.5,5.3,3.73692,40.7,80.6,73.9,72.1,74.4,0.0,75.4,63.5,44.8,59.6,2.4,0.0,4.7,40.0,11.8,15.8,79.6,47.7,80.1,41.5,100.0,73.9,D
20140429,AOR,2.6707,4.14,1.98,5,3,5,2.83,0,,69.4007,69.6526,73.0402,71.29602,50,79.9875,18.1107,47.834995,59.5655075,,,,,,,,,,,,,
20140429,FTA,3.47393,3.32,3.62,1.45,4.09,4.89,4.8,6.33077,53.8,78.1,78.1,79.0,78.5,50.0,54.8,18.8,40.5,59.5,40.9,51.2,34.1,33.8,40.0,51.7,85.5,68.6,52.3,72.2,89.5,71.3,C
20140429,RYU,4.34633,3.23,5.24,1.39,4.89,4.96,4.44,6.04,53.7,77.9,66.3,80.1,75.5,50.0,54.8,27.6,43.6,59.55,39.6,36.8,37.9,33.0,36.8,59.5,86.1,72.8,50.9,95.4,88.8,78.4,C
20140429,BRF,6.83457,7.72,5.47,4.54,3.9,4.65,6.68,6.50615,52.0,45.4,70.3,53.1,56.7,50.0,80.0,59.5,62.3,59.5,68.2,31.2,64.2,4.0,41.9,33.3,54.6,44.0,57.1,65.1,88.0,70.1,C
20140429,MLPA,3.24613,2.52,1.01,5,3.78,5.16,7.5,6.90308,53.0,82.3,81.9,75.8,78.9,50.0,54.8,17.5,40.1,59.5,36.4,31.8,63.6,52.8,46.2,50.0,50.0,50.0,46.8,50.0,76.8,57.8,C
20140429,EMDD,4.46579,3.98,2.21,3.47,4.46,6.43,6.43,7.74308,56.4,53.4,68.2,65.1,63.7,50.0,75.4,43.3,55.3,59.5,61.9,2.6,56.6,100.0,55.3,36.8,65.3,51.0,21.4,67.6,73.8,54.2,B
20140429,VTWV,4.46427,3.81,6.71,5,3.25,4.16,3.26,5.23692,47.0,41.0,54.4,65.3,57.2,50.0,80.0,57.9,61.7,59.45,0.0,45.5,2.2,65.0,28.2,50.0,50.0,50.0,66.9,50.0,92.5,69.8,C
20140429,DIA,3.53391,4.76,6.43,1.38,3.78,2.52,1.51,8.87385,66.3,76.0,72.6,72.3,73.2,74.6,23.0,36.4,45.7,59.45,54.0,97.6,67.0,51.9,67.6,45.2,86.2,65.7,99.6,70.5,97.0,89.1,B
20140429,OIH,5.04809,5.43,7.29,3.71,3.55,2.76,3.68,8.81385,66.2,65.8,80.4,76.1,75.3,51.2,32.9,44.9,43.5,59.4,38.6,97.8,31.8,99.7,67.0,92.4,62.9,77.6,94.9,54.6,88.0,79.2,B
20140429,PEZ,4.21959,4.24,5.03,1.62,3.79,5.58,3.68,3.40462,39.0,44.9,37.4,57.3,48.8,50.0,80.0,81.3,70.0,59.4,1.1,0.0,0.6,31.8,8.4,17.5,83.8,50.7,38.4,70.7,97.0,68.7,D
20140429,EWH,2.52439,3.96,2.91,2.09,2.96,2.97,4.73,6.18769,52.7,62.6,71.6,65.5,66.7,45.9,46.9,62.4,52.0,59.35,49.6,34.6,66.0,4.3,38.6,32.2,79.1,55.7,90.6,48.7,100.0,79.8,C
20140429,PXE,5.35019,5.11,6.36,1.38,4.27,5.19,4.31,7.03692,59.3,73.8,82.5,79.4,79.2,50.0,0.1,62.7,39.5,59.35,40.1,49.2,48.2,53.4,47.8,90.0,86.2,88.1,46.2,85.1,97.0,76.1,B
20140429,FHK,5.24805,4.07,3.87,4.32,4.11,6.86,6.34,6.54308,50.6,51.8,71.3,68.2,65.9,50.0,66.2,43.9,52.7,59.3,50.0,40.9,34.1,45.0,42.5,23.8,56.8,40.3,12.8,72.7,89.5,58.3,C
20140429,FUTY,3.36171,3.92,2.08,5,4.88,5,2.73,0,,73.6352,82.3996,65.8849,72.38937,50,50,39.0879,46.180765,59.2850675,,,,,,,,,,,,,
20140429,IRY,3.6212,3.27,4.93,2.51,2.43,5.55,4.74,4.67846,43.3,77.2,77.7,76.6,77.1,50.0,19.3,52.0,41.5,59.3,0.0,0.0,30.8,58.4,22.3,28.0,74.9,51.5,39.0,29.8,97.0,55.3,D
20140429,TZI,2.56468,3.43,2.38,5,3,5,2.91,0,,68.4886,68.8925,71.7155,70.22322,50,62.2195,34.5928,48.27333,59.248275,,,,,,,,,,,,,
20140429,IWW,3.6905,4.12,6.45,1.62,2.19,5.27,2.52,8.07077,59.4,64.2,73.5,76.8,73.3,50.0,62.2,25.7,45.2,59.25,46.9,96.9,53.5,39.3,59.1,44.0,83.8,63.9,44.6,25.7,100.0,56.7,B
20140429,FVI,6.73257,5.53,7.82,1.66,3.96,7.34,4.72,7.87231,58.3,61.7,64.3,61.2,62.2,50.0,13.6,98.9,56.2,59.2,35.9,97.2,63.5,31.2,57.0,46.4,83.4,64.9,3.2,68.2,89.5,53.6,B
20140429,TGR,1.75873,3.27,1.11,5,3,5,2.12,0,,69.8176,72.5841,69.4788,70.47815,50,88.9027,10.684,47.91021,59.19418,,,,,,,,,,,,,
20140429,IJH,4.13796,5.26,7.14,1.56,3.72,3.09,1.34,6.77385,56.8,46.5,73.9,67.7,65.3,61.1,46.9,50.2,53.1,59.2,38.5,50.7,49.0,42.2,45.1,43.1,84.4,63.7,88.3,71.5,100.0,86.6,B
20140429,XLG,4.16604,4.46,6.32,1.53,4.02,4.39,2.14,8.56462,63.5,71.0,76.3,75.6,74.9,50.0,46.9,33.9,43.5,59.2,50.8,98.5,45.1,63.9,64.5,49.5,84.7,67.1,62.3,69.2,88.8,73.4,B
20140429,ICSH,2.75316,5.39,0.82,5,3,5,3,0,,80.9316,83.3116,83.3333,82.84645,50,50,8.4691,35.464185,59.1553175,,,,,,,,,,,,,
20140429,EWUS,4.39969,4.25,4.86,2.42,3.31,5.42,5.07,4.90923,45.9,63.2,42.6,69.6,60.2,50.0,50.0,72.9,58.0,59.1,0.0,55.0,0.0,45.0,25.0,35.4,75.8,55.6,41.7,59.4,100.0,67.1,C
20140429,LWC,2.81875,3.45,2.53,5,3.1,5,3.44,0,,64.671,63.6916,74.8208,69.45208,50,88.9027,13.0293,48.731065,59.0915725,,,,,,,,,,,,,
20140429,HECO,4.82458,3.78,3.11,5,5.03,4.68,6.83,6.75077,51.5,48.7,57.3,70.8,62.3,50.0,62.2,56.2,55.8,59.05,37.5,0.0,42.5,100.0,45.0,50.0,50.0,50.0,56.4,50.0,39.2,48.5,C
20140429,DRGS,5.36873,3.19,5.38,5,4.23,6.91,5.27,8.36615,57.8,74.0,76.2,61.5,68.4,50.0,16.3,78.0,49.7,59.05,50.0,50.0,50.0,100.0,62.5,50.0,50.0,50.0,11.9,50.0,63.2,41.7,B
20140429,RWJ,4.00145,3.7,5.81,1.58,4.39,4.57,2.67,5.76308,49.2,34.7,55.1,68.8,57.9,50.0,84.9,49.3,60.2,59.05,2.0,38.0,1.4,95.8,34.3,42.0,84.2,63.1,58.6,49.7,58.0,55.4,C
20140429,CSCR,7.13178,5.28,8.03,5,4.25,5,6.48,0,,64.4495,50.0543,68.1759,61.99414,50,13.591,98.5016,56.05286,59.0235,,,,,,,,,,,,,
20140429,FAUS,6.57046,5.92,5.94,2.47,3.99,6.95,6.31,6.58462,52.0,51.6,70.4,68.5,65.7,50.0,23.0,79.9,52.4,59.05,52.2,36.4,34.1,50.0,43.2,33.6,75.3,54.5,11.1,69.2,89.5,56.6,C
20140429,FWDI,6.76698,5.27,5.8,5,4.03,6.47,7.38,7.81692,55.9,63.1,64.8,63.3,63.7,50.0,51.1,61.3,54.3,59,48.5,44.1,33.8,100.0,56.6,50.0,50.0,50.0,20.7,50.0,69.2,46.6,B
20140429,ADRU,3.09887,4.19,3.4,2.1,2.87,5.04,3.79,7.61846,58.0,85.6,77.4,72.0,76.3,50.0,32.9,40.8,41.6,58.95,38.5,63.5,46.8,69.3,54.5,46.6,79.0,62.8,49.2,43.2,97.0,63.1,B
20140429,IVW,3.0903,4.52,5.94,1.57,2.75,3.21,1.74,7.70615,59.7,68.1,65.4,72.0,69.3,50.0,43.7,51.7,48.7,59,49.3,63.2,59.7,49.5,55.4,43.0,84.3,63.6,85.8,42.6,100.0,76.1,B
20140429,DXPS,3.56497,4.86,2,5,3.35,5,4.47,0,,76.1564,74.9729,80.1629,77.8046,50,35.4738,34.3322,40.15841,58.981505,,,,,,,,,,,,,
20140429,LQD,3.45948,4.16,3.87,5,3,5,2.84,0,,56.9837,76.4929,68.3496,68.51941,86.5724,54.8005,7.557,49.38544,58.952425,,,,,,,,,,,,,
20140429,EMFM,4.59866,4.81,3.81,5,3.78,5,4.98,0,,57.2052,72.5624,81.987,74.20326,50,8.8529,67.1661,43.664005,58.9336325,,,,,,,,,,,,,
20140429,EZM,4.01848,3.98,6.32,1.42,3.73,5.04,2.15,5.58308,49.7,42.6,57.6,71.4,61.5,50.0,75.4,46.3,56.3,58.9,4.0,48.9,33.7,43.4,32.5,43.3,85.8,64.5,49.2,61.3,89.5,66.7,C
20140429,IWX,2.07974,2.92,3.23,1.4,2.78,5.16,2.6,7.54923,58.0,82.6,77.5,77.9,78.7,50.0,43.7,24.2,39.1,58.9,35.9,99.1,36.8,43.4,53.8,46.3,86.0,66.1,46.9,43.5,100.0,63.5,B
20140429,FXO,3.44917,3.71,3.03,2.42,4.09,3.78,5.63,5.37538,48.3,51.2,58.2,67.9,61.6,50.0,80.0,41.8,56.1,58.85,55.5,4.3,30.5,30.9,30.3,18.6,75.8,47.2,74.4,72.3,89.5,78.7,C
20140429,KBWY,2.90092,3.46,2.7,5,3.1,5,3.47,0,,78.3388,76.4712,66.6558,71.93702,50,66.2095,23.7785,45.685325,58.8111725,,,,,,,,,,,,,
20140429,XMLV,3.60386,2.71,1.98,1.77,6.48,6.44,3.36,8.85077,61.9,45.0,64.5,79.8,68.2,50.0,84.5,18.7,49.4,58.8,95.5,61.4,56.8,58.4,68.0,39.0,82.3,60.6,21.3,93.5,39.2,51.3,B
20140429,BBH,4.58787,4.65,7.07,1.46,3.7,3.49,3.67,7.60462,58.4,62.3,38.8,58.6,53.4,55.5,46.9,87.6,64.2,58.8,38.6,97.8,31.8,50.0,54.5,25.0,85.4,55.2,80.2,58.9,88.0,75.7,B
20140429,PSCM,3.33991,3.45,5.97,1.38,3.75,4.37,1.65,5.06154,48.7,38.7,54.6,70.4,59.3,50.0,62.2,63.0,58.2,58.75,0.0,62.9,0.0,45.0,27.0,48.2,86.2,67.2,62.6,69.5,97.0,76.4,C
20140429,NKY,2.65128,2.73,2.69,0.94,4.53,3.9,4.67,6.52923,52.4,58.3,58.0,55.5,56.8,50.0,88.9,47.2,60.7,58.75,40.0,41.6,48.4,41.6,42.9,42.3,90.6,66.5,72.1,38.1,42.2,50.8,C
20140429,UBG,6.1131,6,6.33,5,3.73,5,5.01,0,,46.7036,57.101,54.5603,53.75117,50,62.2195,78.3713,63.595805,58.6734875,,,,,,,,,,,,,
20140429,GNR,4.69648,6.57,5.12,2.86,3.17,4.31,3.39,7.44769,58.1,83.6,79.3,67.9,74.4,50.0,54.8,25.4,42.8,58.6,33.1,56.1,60.1,62.5,53.0,56.3,71.4,63.9,63.8,52.1,97.0,71.0,B
20140429,THRK,3.82352,4.46,6.03,1.65,2.45,5.37,2.63,6.98154,54.7,74.5,69.5,81.4,76.5,50.0,39.0,33.1,40.8,58.65,50.0,50.0,50.0,41.6,47.9,44.0,83.5,63.8,42.6,30.6,97.0,56.7,C
20140429,AUSE,5.44736,4.38,6.57,0.65,4.16,6.19,4.99,6.70462,54.3,44.7,70.0,65.1,62.5,50.0,88.9,30.2,54.8,58.65,34.5,50.0,50.0,45.0,44.9,38.2,93.5,65.8,26.3,74.2,89.5,63.3,C
20140429,TWOK,4.66307,5.03,5.9,5,3.1,5,2.74,0,,40.8534,36.2866,80.1194,59.11636,50,50.6234,72.5081,58.064855,58.5906075,,,,,,,,,,,,,
20140429,FXCH,5.51651,5.32,6.6,5,3.38,5,3.97,0,,55.8111,42.6493,55.646,51.78001,50,84.8504,64.1042,65.39159,58.5858,,,,,,,,,,,,,
20140429,EPP,3.9551,4.33,5.57,1.42,2.71,3.76,5.35,7.28154,57.1,54.1,77.1,68.6,68.3,50.0,66.2,32.9,48.9,58.6,50.7,57.5,66.5,30.0,51.2,34.9,85.8,60.3,74.9,41.2,100.0,72.1,B
20140429,FXI,5.43912,5.58,6.7,3.83,3.61,2.56,5.81,9.49231,67.2,53.7,57.9,54.5,55.3,65.0,54.8,64.5,61.8,58.55,99.1,63.5,97.8,40.6,75.2,33.1,61.7,47.4,98.8,68.3,100.0,89.0,B
20140429,PSCI,3.2608,3.6,5.67,1.38,3.74,4.51,1.45,6.26154,55.5,40.7,55.0,65.5,57.4,50.0,70.4,60.1,59.7,58.55,42.1,60.5,0.0,58.4,40.2,83.5,86.2,84.9,59.9,69.2,97.0,75.4,B
20140429,ITM,2.45018,4.85,0.78,5,3.4,5,2.16,0,,60.2801,81.1835,74.3214,73.57177,50,79.9875,5.4723,43.411555,58.4916625,,,,,,,,,,,,,
20140429,JKE,3.8403,4.78,6.2,1.67,3.03,5.07,1.37,7.23077,56.6,67.9,64.7,70.7,68.4,50.0,32.9,60.5,48.5,58.45,45.4,55.1,44.0,58.8,50.8,41.1,83.3,62.2,48.7,51.0,100.0,66.6,B
20140429,ENZL,3.32412,2.91,3.59,1.94,3.21,4.87,6.01,6.81538,54.1,60.7,72.6,77.4,72.7,50.0,51.1,32.6,44.2,58.45,42.5,46.0,34.3,62.5,46.3,23.3,80.6,51.9,52.7,56.2,100.0,69.6,C
20140429,FEMS,6.93188,5.1,7.02,8.15,4.08,4.88,6.33,6.26154,48.3,49.5,56.5,60.9,57.3,50.0,75.4,55.5,59.6,58.45,52.2,31.8,40.9,36.1,40.3,15.4,18.5,16.9,52.5,71.9,89.5,71.3,C
20140429,EIS,5.15846,5.44,6.17,4.05,2.49,4.52,5.42,7.71077,56.4,53.5,60.6,75.0,66.4,50.0,54.4,47.6,50.5,58.45,49.0,68.5,60.6,45.9,56.0,23.5,59.5,41.5,59.6,34.6,100.0,64.7,B
20140429,HYZD,3.20951,5.38,0.85,5,3.35,5,4.11,0,,33.1792,67.025,83.1162,68.30144,50,88.9027,12.3779,48.503075,58.4022575,,,,,,,,,,,,,
20140429,PXR,7.02622,7.52,5.41,3.65,3.56,6.33,7.03,9.59846,65.5,41.0,60.8,56.1,54.5,50.0,88.9,51.8,62.3,58.4,55.5,99.2,95.3,56.2,76.5,44.6,63.5,54.1,23.5,63.9,97.0,61.5,B
20140429,EWY,4.28475,5.14,6.68,1.19,2.72,2.74,4.77,9.66769,68.7,55.1,72.0,65.3,65.2,77.4,9.7,61.4,51.5,58.35,59.8,52.6,97.0,100.0,77.3,43.1,88.1,65.6,95.3,41.5,100.0,78.9,B
20140429,BRAQ,6.84258,7.91,3.88,4.24,4.33,6.74,6.22,9.08154,62.2,68.3,59.7,58.8,61.0,50.0,35.6,78.3,55.6,58.3,63.9,57.2,62.8,100.0,71.0,46.7,57.6,52.1,15.3,66.7,76.8,52.9,B
20140429,RDIV,3.49642,3.79,1.82,5,4.4,5,4.52,0,,79.557,83.1596,82.5081,82.11333,50,38.591,14.9837,34.321595,58.2174625,,,,,,,,,,,,,
20140429,DSI,3.41691,4.13,4.92,1.45,2.53,5.43,3.22,5.91538,50.4,63.2,63.2,73.0,68.1,50.0,54.8,40.5,48.1,58.1,36.4,40.9,34.1,36.3,36.9,44.1,85.5,64.8,41.4,35.9,100.0,59.1,C
20140429,EFV,4.43281,5.64,5.89,1.73,2.55,3.79,4.69,6.69538,54.5,86.0,79.1,73.9,77.9,0.0,88.9,33.0,38.2,58.05,37.0,53.6,47.1,43.8,45.4,39.9,82.7,61.3,74.2,36.4,100.0,70.2,C
20140429,HDG,4.10064,5.85,0.91,5,3.18,5,6.84,0,,70.873,68.4799,66.5038,67.97047,50,88.9027,11.2704,48.11545,58.04296,,,,,,,,,,,,,
20140429,GAF,6.52141,6.03,7.31,4.95,2.62,5.91,5.77,7.48462,54.2,78.1,59.1,67.7,67.2,50.0,16.6,75.1,48.8,58,35.6,58.0,55.0,67.3,54.0,29.1,50.5,39.8,31.9,35.6,97.0,54.8,C
20140429,GREK,6.28152,4.8,6.74,9.27,3.94,4.07,5.27,6.32615,46.8,38.3,52.3,60.2,53.5,50.0,51.1,84.5,62.4,57.95,2.2,63.6,50.0,50.0,41.5,0.0,7.3,3.6,68.6,55.0,76.8,66.8,C
20140429,FWDB,6.12664,5.12,5.77,5,4.03,5,6.77,0,,63.355,65.6569,59.7937,62.26492,50,25.8728,81.0423,53.626645,57.9457825,,,,,,,,,,,,,
20140429,VONG,2.89416,4.37,5.63,1.59,2.63,3.71,1.38,6.09538,51.9,66.3,63.9,71.8,68.4,50.0,39.0,52.3,47.5,57.95,36.4,31.8,36.4,51.6,39.0,45.0,84.1,64.5,75.8,31.4,92.5,66.5,C
20140429,FLAG,4.9985,3.31,2.51,5,5.68,6.31,6.47,6.23385,47.5,70.4,73.1,68.7,70.4,50.0,62.2,26.6,45.5,57.95,95.8,0.0,33.4,33.0,40.5,50.0,50.0,50.0,23.8,50.0,19.8,31.2,C
20140429,VUG,3.25607,4.84,5.85,1.59,2.96,3.81,1.06,7.23077,56.9,65.1,62.7,70.1,66.9,66.8,16.6,58.8,49.0,57.95,50.7,50.4,48.6,55.5,51.3,41.8,84.1,62.9,73.9,41.4,92.5,69.3,B
20140429,PEX,5.95214,5.06,4.38,5,3.18,7.08,7.5,8.26462,58.3,57.4,61.6,70.0,65.0,50.0,50.0,52.4,50.9,57.95,50.0,50.0,50.0,100.0,62.5,50.0,50.0,50.0,8.5,50.0,94.8,51.1,B
20140429,PBJ,2.54849,3.2,2.17,1.38,4.24,4.62,3.84,7.47538,60.5,38.1,58.4,68.7,59.4,50.0,88.9,34.9,56.4,57.9,42.4,68.0,54.7,50.8,54.0,69.5,86.2,77.9,57.7,84.3,97.0,79.7,B
20140429,IYLD,2.88195,4.3,0.76,5,3,5,5.2,0,,87.6287,82.0087,76.2106,80.23365,50,50,8.7948,35.57818,57.905915,,,,,,,,,,,,,
20140429,INY,2.81647,3.88,3.07,5,3.1,5,1.97,0,,55.4984,68.0673,59.5765,61.30812,50,38.9651,72.1824,54.45337,57.880745,,,,,,,,,,,,,
20140429,IPN,5.18433,6.03,4.19,2.8,3.41,6.23,5.12,5.39385,48.7,70.3,67.8,66.3,67.6,50.0,43.7,50.1,48.1,57.85,35.1,2.1,36.6,52.1,31.5,65.7,72.0,68.8,25.4,59.3,97.0,60.6,C
20140429,RGI,5.02287,4.59,6.11,1.4,4.92,4.81,3.67,6.29846,56.0,47.0,62.7,74.5,65.5,50.0,35.6,62.9,50.2,57.85,48.6,44.6,35.6,36.3,41.3,81.0,86.0,83.5,53.8,96.3,88.8,79.6,B
20140429,IFNA,4.44306,3.91,5.76,5,3,5,3.99,0,,87.9283,81.4658,69.7828,76.9168,50,54.8005,13.6156,38.70561,57.811205,,,,,,,,,,,,,
20140429,VAW,4.54447,5.4,7.26,1.39,2.67,4.07,3.1,6.76462,54.7,52.7,62.2,72.1,65.3,50.0,51.1,49.8,50.3,57.8,36.6,40.2,47.3,61.4,46.4,45.3,86.1,65.7,68.6,32.5,92.5,64.5,C
20140429,JKL,4.7735,4.2,7.14,1.62,3.77,5.25,2.97,5.57846,50.1,36.6,56.9,70.2,59.5,50.0,88.9,33.9,56.0,57.75,3.0,47.0,43.2,41.2,33.6,41.1,83.8,62.5,45.1,73.2,100.0,72.8,C
20140429,PSR,4.94327,4.16,5.28,5,3.1,5,6.01,0,,87.2117,80.9012,73.6699,78.54765,50,38.9651,21.759,36.80518,57.676415,,,,,,,,,,,,,
20140429,EEB,6.55441,7.32,5.46,6.72,2.82,5.06,6.4,9.18769,61.2,56.3,66.4,55.0,58.6,50.0,54.8,65.0,56.7,57.65,68.3,65.7,98.7,58.4,72.8,33.9,32.8,33.4,48.9,33.3,88.8,57.0,B
20140429,FAZ,4.84994,3.39,5,5,4.67,5,4.9,0,,50,50,50,50,60.424,88.9027,50,65.31921,57.659605,,,,,,,,,,,,,
20140429,BSJJ,2.19249,3.58,0.15,5,3.38,5,4.11,0,,62.4821,77.1878,83.0727,77.18911,50,66.1471,2.215,38.11938,57.654245,,,,,,,,,,,,,
20140429,IPO,5.71932,4.92,3.7,5,6.33,5,5.23,0,,45.7785,36.3518,81.0532,60.58784,50,32.8554,78.1759,54.718185,57.6530125,,,,,,,,,,,,,
20140429,PAF,5.33656,4.6,6.32,1.21,2.94,6.24,6.13,6.82462,53.8,74.0,78.1,68.3,72.4,50.0,32.9,44.4,42.9,57.65,45.6,42.2,60.0,41.0,47.2,37.4,87.9,62.7,25.3,45.1,97.0,55.8,C
20140429,WREI,3.63963,3.55,4.18,5,3.38,5,3.4,0,,86.5994,81.4007,74.6037,79.04194,50,32.8554,25.342,36.22632,57.63413,,,,,,,,,,,,,
20140429,ACWI,3.43816,5.5,4.85,1.72,2.84,2.69,3.49,6.21077,53.6,77.0,74.3,73.6,74.5,50.0,35.6,35.8,40.7,57.6,32.4,54.5,34.0,41.6,40.6,42.0,82.8,62.4,96.3,45.1,100.0,80.5,C
20140429,IWC,5.03046,5.12,7.17,1.46,3.24,4.09,4.53,5.80462,51.2,31.9,34.2,58.7,46.0,98.2,35.6,68.9,69.2,57.6,3.7,95.1,1.6,44.5,36.2,37.2,85.4,61.3,68.2,57.1,100.0,75.1,C
20140429,IXG,5.21548,5.96,6.49,1.58,2.94,4.66,4.79,6.52,52.5,72.6,69.1,68.5,69.5,50.0,43.7,42.8,45.6,57.55,53.6,35.7,53.6,32.9,44.0,16.1,84.2,50.2,56.9,48.2,100.0,68.4,C
20140429,FPX,3.49699,4.06,4.66,1.94,3.2,4.42,3.78,6.79692,54.1,57.2,41.2,68.0,57.8,50.0,43.7,76.3,57.3,57.55,38.6,58.1,45.0,46.0,47.0,34.4,80.6,57.5,61.7,45.5,89.5,65.6,C
20140429,CSD,3.98691,3.55,4.65,1.8,4.08,3.78,5.73,5.26,49.4,43.3,72.5,66.5,63.7,50.0,39.0,63.2,51.3,57.5,38.0,0.7,45.5,37.5,30.4,47.5,82.0,64.7,74.5,71.0,88.8,78.1,C
20140429,EGRW,5.47257,5.5,6.29,2.99,2.76,6.45,4.49,7.21692,54.3,89.2,80.0,63.3,73.5,50.0,16.6,54.2,41.5,57.5,32.9,48.7,69.8,55.0,51.6,34.5,70.1,52.3,21.0,42.7,100.0,54.5,C
20140429,FDT,6.15117,5.22,5.38,4.18,4.1,4.9,7.7,4.89538,45.0,69.9,66.0,67.2,67.4,50.0,46.9,45.4,47.5,57.45,3.0,57.4,41.2,4.5,26.5,28.1,58.2,43.2,52.0,72.5,89.5,71.3,C
20140429,CMDT,6.9267,5.27,9.11,5,3,5,6,0,,68.43,57.177,61.6504,61.6643,50,9.2269,94.0717,53.193165,57.4287325,,,,,,,,,,,,,
20140429,MLPI,3.65816,3.22,2.88,5,3.73,3.82,6.57,7.06,54.7,78.5,78.2,72.8,75.5,50.0,19.3,45.7,39.3,57.4,50.0,50.0,50.0,50.0,50.0,50.0,50.0,50.0,73.6,50.0,78.2,67.3,C
20140429,HYLS,3.7196,4.76,0.91,5,3.35,5,6.83,0,,54.0521,56.645,80.8795,68.24367,50,88.9027,6.7752,46.54213,57.3929,,,,,,,,,,,,,
20140429,BSCL,3.06323,4.86,1.59,5,3.38,5,3.22,0,,56.9967,70.6515,82.0955,73.64254,50,65.9601,10.9446,41.11864,57.38059,,,,,,,,,,,,,
20140429,MGK,3.24227,4.67,5.26,1.62,3.21,4.36,1.23,3.56154,40.9,69.3,65.8,71.4,69.3,50.0,25.9,57.8,45.5,57.4,4.9,2.5,2.5,38.5,12.1,41.9,83.8,62.8,62.8,48.7,92.5,68.0,D
20140429,DON,3.66124,3.69,5.33,1.38,3.63,4.65,3.32,4.03231,43.1,66.5,72.3,76.9,73.5,50.0,46.9,27.7,41.3,57.4,1.6,32.3,31.4,3.4,17.2,43.5,86.2,64.9,57.1,58.4,89.5,68.3,D
20140429,FJP,5.27119,4.22,4.81,2.93,4.05,4.71,7.73,8.57846,62.4,79.1,66.1,56.8,64.0,50.0,43.7,57.3,50.7,57.35,53.0,63.2,50.0,100.0,66.5,40.9,70.7,55.8,55.9,71.0,89.5,72.1,B
20140429,EWW,4.51652,5.69,5.93,2.13,2.79,2.75,5.34,7.34154,56.7,72.0,70.1,56.3,63.6,59.0,25.9,64.8,51.1,57.35,48.1,68.7,64.5,31.2,53.1,13.0,78.7,45.9,95.0,43.7,100.0,79.6,B
20140429,FNK,3.43614,2.38,4.6,1.66,4.1,5.39,3.97,4.43385,44.8,37.8,60.0,73.4,62.3,50.0,80.0,31.2,52.4,57.35,4.3,32.1,0.0,50.0,21.6,45.2,83.4,64.3,42.2,72.6,89.5,68.1,D
20140429,MNA,3.34405,3.52,1.1,5,4.2,6.13,4.62,5.83692,47.4,65.7,62.4,64.4,64.1,50.0,80.0,26.0,50.6,57.35,2.5,43.0,36.5,65.0,36.8,50.0,50.0,50.0,27.4,50.0,64.0,47.1,C
20140429,IESM,3.52541,4.16,3.74,1.87,2.61,6.62,3.81,6.93538,53.7,42.3,37.5,76.6,58.0,50.0,65.6,55.2,56.5,57.25,50.0,50.0,50.0,45.0,48.8,40.8,81.3,61.0,17.6,38.3,100.0,52.0,C
20140429,EMLP,2.48199,2.23,1.57,1.57,3.68,4.49,6.83,6.38154,54.1,89.6,83.2,80.0,82.9,50.0,29.6,14.9,31.6,57.25,0.0,35.5,35.5,100.0,42.8,58.5,84.3,71.4,60.2,60.0,89.5,69.9,C
20140429,AOA,3.04808,3.94,3.16,5,3,5,2.74,0,,68.4234,69.1965,73.1053,70.99628,50,54.8005,27.1661,43.448285,57.2222825,,,,,,,,,,,,,
20140429,BABS,3.28287,3.58,3.29,5,3.1,5,3.8,0,,75.0163,77.4919,69.6743,73.08798,50,66.2095,11.2052,41.28467,57.186325,,,,,,,,,,,,,
20140429,DGRS,3.54445,4.42,2.78,5,3.35,5,3.88,0,,37.0489,55.038,80.6623,64.25233,50,50.6234,49.2508,49.9248,57.088565,,,,,,,,,,,,,
20140429,AGG,2.7059,4.55,2.32,5,3,5,1.83,0,,69.2052,74.6688,62.7036,67.59348,95.7597,38.9651,3.9088,46.573505,57.0834925,,,,,,,,,,,,,
20140429,FNIO,3.79831,3.84,4.18,5,3,5,4.11,0,,73.4788,76.9273,70.5863,73.0671,50,43.7032,29.772,41.03116,57.04913,,,,,,,,,,,,,
20140429,TZO,2.77355,3.16,3.13,5,3,5,2.96,0,,71.6156,70.1954,72.8664,71.81494,50,46.9451,30.4235,42.231755,57.0233475,,,,,,,,,,,,,
20140429,IVOO,4.33459,4.43,6.65,1.58,3.96,5.03,1.71,5.5,49.6,46.8,57.8,67.6,60.5,50.0,62.2,49.6,53.5,57,3.5,33.6,31.9,65.0,33.5,42.5,84.2,63.3,49.5,71.3,92.5,71.1,C
20140429,IYM,4.62228,5.94,7.01,1.42,2.72,3.44,3.49,6.64,55.2,57.8,65.1,72.3,67.2,50.0,39.0,50.2,46.7,56.95,45.9,47.5,55.5,34.5,45.9,46.1,85.8,66.0,81.2,41.6,100.0,74.3,B
20140429,KXI,3.87312,4.62,5.2,1.58,2.76,4.29,4.48,5.92923,52.3,85.9,83.0,77.7,80.9,50.0,23.0,24.7,33.0,56.95,33.9,33.4,47.2,38.4,38.2,63.2,84.2,73.7,64.3,42.7,100.0,69.0,C
20140429,FNDA,3.43653,4.01,2.82,5,3.65,5,3.6,0,,43.6938,56.9055,80.9012,66.26101,50,38.9651,52.7036,47.63579,56.9484,,,,,,,,,,,,,
20140429,PXSV,3.06408,3.01,3.78,1.51,3.34,5.7,3.81,5.32462,48.2,35.1,54.3,68.4,57.5,50.0,75.4,46.3,56.3,56.9,0.5,50.0,44.6,31.6,31.7,42.3,84.9,63.6,36.1,57.1,97.0,63.4,C
20140429,EWQ,3.48837,4.06,4.41,2.74,2.83,3.76,4.92,6.00308,51.6,83.0,79.0,77.1,78.9,50.0,29.6,24.6,35.0,56.95,38.1,32.4,53.5,32.1,39.0,45.5,72.6,59.0,74.8,45.0,100.0,73.3,C
20140429,FVD,2.81602,2.78,1.52,1.48,4.98,4.57,5.31,6.97692,57.7,83.8,79.9,78.2,79.8,50.0,35.6,16.5,34.0,56.9,37.9,48.0,46.1,66.5,49.6,52.0,85.2,68.6,58.6,98.9,89.5,82.4,B
20140429,RGRE,7.31341,5.1,6.46,5,4.23,7.5,7.29,0,,37.8958,65.266,69.9783,62.14811,50,84.8504,24.886,51.66522,56.906665,,,,,,,,,,,,,
20140429,JGBL,2.89051,3.48,1.78,5,3.1,5,4.77,0,,57.2052,65.7872,60.0109,61.18265,50,88.9027,24.1042,52.60728,56.894965,,,,,,,,,,,,,
20140429,TILT,3.34953,2.9,5.39,1.55,3.48,4.71,3.37,5.57385,48.7,46.9,58.6,69.8,61.9,50.0,62.2,45.0,51.9,56.9,30.0,41.6,3.4,62.5,34.4,44.5,84.5,64.5,55.8,40.4,76.0,57.4,C
20140429,IBDB,2.79869,5.07,1.5,5,3,5,2.62,0,,69.9609,74.4951,82.6819,77.68166,50,50.6234,9.5765,36.038795,56.8602275,,,,,,,,,,,,,
20140429,RWL,2.88733,3.31,3.29,1.44,3.93,5,3.29,5.29231,46.8,72.4,73.8,77.9,75.6,50.0,35.6,28.5,38.1,56.85,36.6,50.4,34.6,4.0,31.4,48.3,85.6,67.0,50.0,36.0,58.0,48.0,C
20140429,MDYG,4.96975,5.53,7.32,1.49,3.6,5.74,1.26,6.62154,54.1,47.5,38.1,62.9,52.4,50.0,66.2,68.5,61.3,56.85,37.9,45.3,43.8,56.2,45.8,45.0,85.1,65.0,35.2,65.1,97.0,65.8,C
20140429,DTN,3.62611,3.39,4.48,1.49,4.39,4.8,3.58,5.40308,50.4,88.3,81.7,79.3,81.8,50.0,29.6,15.8,31.9,56.85,34.0,37.4,56.9,2.1,32.6,57.0,85.1,71.1,54.0,81.1,89.5,74.9,C
20140429,CXA,1.90743,3.49,0.92,5,3.1,5,2.46,0,,73.6613,82.2041,67.7633,73.27514,50,70.4489,5.0163,40.390375,56.8327575,,,,,,,,,,,,,
20140429,FNDC,3.17305,4,1.71,5,3.65,5,4.31,0,,84.9316,73.3225,81.3138,79.63997,50,35.2868,16.9381,34.014375,56.8271725,,,,,,,,,,,,,
20140429,GHYG,2.6976,4.24,1.18,5,3,5,3.99,0,,80.4234,78.8382,75.2552,77.36374,50,50,10.8143,36.285005,56.8243725,,,,,,,,,,,,,
20140429,IDLV,2.15038,2.41,1.85,1.85,4.45,4.82,3.31,4.70154,46.9,86.7,81.4,77.0,80.3,50.0,32.9,17.2,33.4,56.85,0.0,0.0,55.0,45.0,25.0,40.9,81.5,61.2,53.7,90.6,97.0,80.5,C
20140429,FTLB,4.10709,4.34,0.85,5,3.35,7.5,6.46,0,,47.4528,82.8339,83.2248,75.95313,50,46.6958,17.5896,37.6651,56.809115,,,,,,,,,,,,,
20140429,OEF,2.99166,3.95,5.31,1.5,3.4,3.27,2.18,8.43538,63.7,69.2,74.6,75.7,74.1,58.0,23.0,35.3,39.5,56.8,53.8,99.3,62.1,46.8,65.5,46.5,85.0,65.7,84.6,61.9,100.0,82.2,B
20140429,IEMF,5.87309,5.27,4.35,5,3.88,7.5,5.47,0,,35.3941,60.7818,82.747,66.68686,50,88.9027,7.8176,46.90697,56.796915,,,,,,,,,,,,,
20140429,SEMF,5.51396,5.39,3.36,5,3.88,7.5,5.47,0,,71.9674,66.1455,82.9642,75.71923,50,54.8005,11.0749,37.816365,56.7677975,,,,,,,,,,,,,
20140429,CSMA,5.44272,6.39,2.69,5,4.25,6.71,4.93,8.15385,57.0,60.3,61.6,56.9,59.0,50.0,13.6,94.2,54.5,56.75,50.0,50.0,50.0,100.0,62.5,50.0,50.0,50.0,15.8,50.0,62.5,42.8,B
20140429,BAL,6.31544,6.49,6.97,5,3.53,5,4.36,0,,76.5928,72.1716,68.7839,71.36199,0,62.2195,67.101,42.1512,56.756595,,,,,,,,,,,,,
20140429,IJR,3.72635,4.61,7.12,1.41,3.48,3.06,1.3,6.79692,56.7,36.7,53.1,64.3,55.4,33.9,88.9,55.8,58.1,56.75,39.2,55.9,48.2,47.8,47.8,42.8,85.9,64.3,88.8,64.3,100.0,84.4,B
20140429,EELV,3.26967,4.37,2.03,3.33,4.36,4.97,3.42,10,68.5,65.8,73.5,59.5,65.0,50.0,43.7,51.2,48.5,56.75,96.2,96.2,96.2,41.6,82.5,32.6,66.7,49.6,50.6,87.8,97.0,78.5,B
20140429,ANGL,4.97191,4.99,5.54,5,3.4,5,4.03,0,,75.8241,73.4962,63.8762,69.15178,50,70.4489,16.2215,44.312195,56.7319875,,,,,,,,,,,,,
20140429,FXL,4.35982,5.62,4.79,1.71,4.06,4.13,3.5,6.98154,57.0,40.6,36.5,65.1,51.6,50.0,59.3,75.9,61.9,56.75,40.2,54.2,46.4,58.4,49.8,53.2,82.9,68.0,67.5,71.2,89.5,76.1,B
20140429,VWO,4.81389,6.56,5.35,5.59,2.89,2.6,4.25,8.02462,57.9,62.9,71.4,60.5,64.3,46.6,43.7,56.4,49.2,56.75,58.5,54.4,96.5,35.0,61.1,18.7,44.1,31.4,98.1,39.3,92.5,76.6,B
20140429,FEX,3.57798,3.85,3.99,1.52,4.1,4.25,4.42,6.22923,53.6,57.0,65.0,75.1,68.4,50.0,43.7,41.0,45.0,56.7,43.3,48.8,40.9,33.8,41.7,48.6,84.8,66.7,65.0,72.4,89.5,75.6,C
20140429,FRAK,4.27778,4.46,4.86,1.24,3.34,5.42,4.85,3.72769,43.4,79.0,65.1,79.1,74.9,0.0,46.9,69.6,38.5,56.7,0.0,0.0,0.0,58.4,14.6,92.1,87.6,89.9,41.6,48.3,88.0,59.3,D
20140429,ECON,5.07292,5.98,3.49,3.27,4.74,4.27,5.59,8.35231,61.2,39.3,59.7,60.3,55.9,50.0,66.2,57.1,57.3,56.6,59.1,31.1,68.9,100.0,64.8,42.5,67.3,54.9,64.7,75.8,73.8,71.4,B
20140429,EWA,3.42517,5.13,4.13,1.03,2.55,2.88,5.66,6.54769,54.7,52.4,76.6,68.8,67.9,57.2,32.9,44.2,45.4,56.65,52.4,65.6,58.5,4.3,45.2,38.0,89.7,63.8,92.4,36.4,100.0,76.3,C
20140429,PXLG,2.93402,3.23,2.59,1.7,3.36,6.44,3.92,4.40154,43.8,69.0,75.5,78.2,75.5,50.0,13.6,46.0,37.7,56.6,1.5,46.2,1.5,38.6,22.0,47.5,83.0,65.3,21.2,57.8,97.0,58.7,D
20140429,QQQC,5.30867,4.46,4.51,7.7,3.92,4.96,5.51,3.52462,36.5,34.4,34.3,57.6,46.0,50.0,70.4,81.5,67.2,56.6,0.0,0.0,0.0,50.0,12.5,34.1,23.0,28.5,50.8,54.4,76.8,60.6,D
20140429,XHS,4.02639,2.48,6.17,1.38,4.35,5.02,3.76,3.67692,41.6,54.7,61.4,71.5,65.1,50.0,66.2,30.5,48.0,56.55,0.0,0.0,1.7,55.0,14.2,24.0,86.2,55.1,49.6,87.5,97.0,78.1,D
20140429,PFXF,2.60474,3.41,0.71,4.45,4.17,5.09,4.04,3.93077,40.0,88.7,66.3,63.0,69.1,50.0,70.4,15.1,43.9,56.5,0.0,0.0,0.0,67.8,17.0,16.8,55.5,36.1,48.3,73.0,88.0,69.8,D
20140429,GXF,4.79965,4.66,4.21,1.74,4.41,5.29,5.72,4.06,42.2,80.5,71.7,72.4,73.8,50.0,6.4,56.7,39.2,56.5,4.5,2.2,0.0,66.7,18.4,36.4,82.6,59.5,44.3,68.9,76.8,63.3,D
20140429,IGM,3.93117,5.42,6.29,1.41,2.11,4.94,2.26,7.75231,58.4,54.2,57.4,67.9,62.0,50.0,29.6,70.4,51.0,56.5,55.9,60.0,55.5,62.1,58.4,47.0,85.9,66.4,51.3,23.2,100.0,58.2,B
20140429,FM,3.1578,3.1,2.96,4.53,2.96,3.72,6.28,8.13077,58.3,21.1,62.0,63.8,54.7,50.0,88.9,40.3,58.3,56.5,50.0,50.0,50.0,100.0,62.5,10.7,54.7,32.7,75.7,48.9,100.0,74.9,B
20140429,SCJ,4.0649,3.4,5.54,0.82,3.37,5.51,4.72,8.33846,61.4,80.8,66.6,56.9,64.6,50.0,54.4,41.5,48.3,56.45,56.4,97.3,41.9,63.5,64.8,33.0,91.8,62.4,39.8,61.2,100.0,67.0,B
20140429,VCIT,2.96589,4.7,1.95,5,3.25,5,2.75,0,,75.8762,76.1021,65.7872,70.89947,50,75.4364,5.1466,41.93223,56.41585,,,,,,,,,,,,,
20140429,HEDJ,3.68266,3.67,4.62,2.85,2.87,4.04,5.5,4.01385,41.9,79.2,76.6,72.8,75.2,31.4,43.7,38.4,37.6,56.4,1.0,4.9,31.8,34.4,18.0,41.7,71.5,56.6,69.2,35.7,89.5,64.8,D
20140429,BFOR,4.72453,3.84,3.02,5,5.45,5,5.56,0,,41.4919,56.2324,79.8154,65.0758,50,32.1696,58.4365,47.603655,56.3397275,,,,,,,,,,,,,
20140429,XES,4.82498,5.7,7.04,1.81,4.34,3.85,1.51,7.12462,60.3,52.0,75.5,73.2,69.6,50.0,32.9,44.7,43.0,56.3,39.5,55.1,50.2,62.5,51.8,88.1,81.9,85.0,73.0,87.3,97.0,85.7,B
20140429,FKU,5.00029,4.05,4.4,3.58,4.08,5.61,6.35,5.89692,49.7,76.2,48.5,68.8,64.2,50.0,32.9,60.3,48.4,56.3,0.0,52.2,31.8,70.0,38.5,38.6,64.2,51.4,37.9,71.9,89.5,66.4,C
20140429,SCHX,2.04719,3.63,3.66,1.5,3.25,3.74,1.44,6.64,54.2,71.6,69.4,74.6,72.4,0.0,84.9,41.9,40.1,56.25,35.4,63.7,30.6,56.6,46.6,47.5,85.0,66.2,75.2,37.9,80.5,64.5,C
20140429,HYHG,3.74368,5.35,1.98,5,3.18,5,4.67,0,,78.4951,69.696,81.1401,77.17787,50,50,8.1433,35.350155,56.2640125,,,,,,,,,,,,,
20140429,MXI,5.31932,6.65,6.17,1.7,2.95,4.55,4.65,6.99077,55.9,61.2,69.8,66.0,66.2,50.0,59.3,31.5,46.3,56.25,39.2,52.9,59.6,50.0,50.4,43.1,83.0,63.1,59.1,48.5,100.0,69.2,B
20140429,NYCC,3.95698,4.3,1.97,5,3.1,7.5,4.66,0,,50.0261,76.9055,82.899,74.52637,50,25.8728,36.0912,37.89376,56.210065,,,,,,,,,,,,,
20140429,REZ,5.09225,5.61,5.6,5,3,5,4.04,0,,89.2182,82.5516,73.3225,79.27037,0,79.9875,25.9283,33.071155,56.1707625,,,,,,,,,,,,,
20140429,SLQD,2.43976,5.23,0.32,5,3,5,2.84,0,,53.0228,67.7416,83.051,72.45254,50,70.4489,2.9316,39.66073,56.056635,,,,,,,,,,,,,
20140429,PGD,5.61644,4.49,6.91,5,4.05,5,4.1,0,,74.1303,55.1574,63.355,63.05078,50,88.9027,13.8762,49.02748,56.03913,,,,,,,,,,,,,
20140429,BSJI,2.21137,3.52,0.26,5,3.38,5,4.1,0,,62.9642,71.8024,79.164,73.71556,50,66.2095,2.5407,38.252095,55.9838275,,,,,,,,,,,,,
20140429,VHT,3.06061,4.44,5.8,1.4,2.22,3.33,2.71,6.21538,51.3,71.3,44.8,71.3,63.3,50.0,35.6,58.3,48.6,55.95,38.4,40.2,42.9,47.8,42.3,24.4,86.0,55.2,83.5,19.2,92.5,65.1,C
20140429,EMHD,5.14131,5.07,2.13,5,3.88,7.5,6.43,0,,35.3029,63.9414,80.6189,66.55245,50,16.4589,65.5375,45.375795,55.9641225,,,,,,,,,,,,,
20140429,DLS,4.41651,4.35,5.35,1.73,3.66,4.01,5.48,6.54308,54.3,41.4,62.2,71.7,62.8,50.0,84.9,17.3,49.0,55.9,37.2,66.4,49.0,31.0,45.9,43.5,82.7,63.1,69.8,59.3,89.5,72.9,C
20140429,IXJ,3.86793,4.74,5.4,1.42,2.72,3.99,4.41,5.12154,47.2,72.0,72.5,76.9,74.6,50.0,9.7,48.0,37.2,55.9,40.0,4.2,47.6,30.2,30.5,26.3,85.8,56.1,70.3,41.5,100.0,70.6,C
20140429,RPX,8.90949,6.78,9.2,1.97,5.54,7.14,6.41,7.18462,53.6,52.4,61.1,58.1,57.8,50.0,9.7,95.7,53.9,55.85,47.6,60.9,38.2,65.0,52.9,42.4,80.3,61.3,7.2,68.3,42.2,39.2,C
20140429,IWM,3.97942,5.14,7.61,1.54,3.06,2.51,1.81,6.54769,55.4,36.5,35.6,60.1,48.0,78.4,46.9,63.3,63.7,55.85,40.6,58.4,46.9,38.1,46.0,41.5,84.6,63.0,99.9,51.8,100.0,83.9,B
20140429,SPLX,5.58626,5,5,5,3.73,5,6.58,0,,50,50,50,50,50,88.9027,50,61.67081,55.835405,,,,,,,,,,,,,
20140429,HEWG,5.49252,5,5,5,3,7.5,4.83,0,,50,50,50,50,50,88.9027,50,61.67081,55.835405,,,,,,,,,,,,,
20140429,EDOG,5.96055,5,5,5,3.95,7.5,5.11,0,,50,50,50,50,50,88.9027,50,61.67081,55.835405,,,,,,,,,,,,,
20140429,IPKW,4.86849,5,5,5,3.1,5,4.9,0,,50,50,50,50,50,88.9027,50,61.67081,55.835405,,,,,,,,,,,,,
20140429,DXJT,5.44462,5,5,5,3.35,7.5,4.13,0,,50,50,50,50,50,88.9027,50,61.67081,55.835405,,,,,,,,,,,,,
20140429,GVAL,6.64206,5,5,5,5.2,7.5,5.73,0,,50,50,50,50,50,88.9027,50,61.67081,55.835405,,,,,,,,,,,,,
20140429,HEFA,5.23525,5,5,5,3,7.5,3.89,0,,50,50,50,50,50,88.9027,50,61.67081,55.835405,,,,,,,,,,,,,
20140429,TOLZ,5.39057,5,5,5,3.18,7.5,4.19,0,,50,50,50,50,50,88.9027,50,61.67081,55.835405,,,,,,,,,,,,,
20140429,AIRR,5.22567,5,5,5,3.35,5,5.83,0,,50,50,50,50,50,88.9027,50,61.67081,55.835405,,,,,,,,,,,,,
20140429,HKOR,6.2712,5,5,5,5.55,7.5,3.85,0,,50,50,50,50,50,88.9027,50,61.67081,55.835405,,,,,,,,,,,,,
20140429,IEIL,5.17366,5,5,5,3,7.5,3.66,0,,50,50,50,50,50,88.9027,50,61.67081,55.835405,,,,,,,,,,,,,
20140429,DXJF,5.44188,5,5,5,3.35,7.5,4.12,0,,50,50,50,50,50,88.9027,50,61.67081,55.835405,,,,,,,,,,,,,
20140429,MUAH,4.43467,5,5,5,3,5,3.46,0,,50,50,50,50,50,88.9027,50,61.67081,55.835405,,,,,,,,,,,,,
20140429,GURX,6.12408,5,5,5,3.78,7.5,5.97,0,,50,50,50,50,50,88.9027,50,61.67081,55.835405,,,,,,,,,,,,,
20140429,FV,5.49662,5,5,5,3.35,5,6.82,0,,50,50,50,50,50,88.9027,50,61.67081,55.835405,,,,,,,,,,,,,
20140429,GURI,6.12272,5,5,5,3.78,7.5,5.97,0,,50,50,50,50,50,88.9027,50,61.67081,55.835405,,,,,,,,,,,,,
20140429,EQLT,5.50758,5,5,5,3.95,5,5.96,0,,50,50,50,50,50,88.9027,50,61.67081,55.835405,,,,,,,,,,,,,
20140429,DXJC,5.44188,5,5,5,3.35,7.5,4.12,0,,50,50,50,50,50,88.9027,50,61.67081,55.835405,,,,,,,,,,,,,
20140429,SLX,6.31549,7.02,7.14,2.02,3.51,4.39,5.42,8.42154,62.1,42.6,58.3,58.1,55.1,99.3,9.7,54.0,56.6,55.85,56.0,54.1,96.5,58.4,66.3,48.9,79.8,64.3,62.2,53.4,88.0,67.9,B
20140429,BNDX,2.62342,5.06,0.47,5,3.25,5,3.16,0,,65.2313,75.8198,65.8198,68.7021,50,79.7382,4.2345,42.903535,55.8028175,,,,,,,,,,,,,
20140429,CIU,2.61344,4.23,2.06,5,3,5,2.37,0,,61.1531,72.0195,64.5277,66.10032,50,88.9027,3.7785,45.493285,55.7968025,,,,,,,,,,,,,
20140429,FTGC,3.68958,3.62,1.97,5,3.35,5,6.82,0,,41.7915,70.0869,82.6602,70.71447,50,46.9451,26.4495,40.840855,55.7776625,,,,,,,,,,,,,
20140429,MGC,3.12205,3.98,4.87,1.52,3.2,5.08,1.76,6.50615,53.3,75.0,72.0,75.5,74.4,50.0,23.0,36.5,37.2,55.8,32.5,68.8,38.8,42.3,45.6,45.1,84.8,65.0,48.5,48.4,92.5,63.1,C
20140429,IWF,2.82867,4.72,5.77,1.58,2.43,2.84,1.59,7.49385,58.8,65.9,63.3,71.1,67.7,0.0,84.9,52.2,43.7,55.7,50.7,57.3,57.3,60.1,56.4,44.8,84.2,64.5,93.3,33.0,100.0,75.4,B
20140429,VGT,3.32163,5.04,6.12,1.41,2.14,4.23,1.5,7.27231,56.6,64.0,61.7,70.6,66.6,50.0,13.6,66.4,44.8,55.7,46.5,51.8,51.8,65.9,54.0,51.7,85.9,68.8,65.5,16.8,92.5,58.3,B
20140429,JKF,3.76474,4.11,5.68,1.39,2.95,5.33,2.88,7.60462,58.5,72.6,78.6,77.4,76.8,50.0,23.0,29.2,34.6,55.7,46.2,99.2,52.5,32.5,57.6,48.7,86.1,67.4,43.5,48.5,100.0,64.0,B
20140429,ITOT,3.00208,3.71,5.45,1.54,2.34,4.66,2.56,5.78154,50.1,70.5,68.7,74.5,71.9,50.0,25.9,40.3,39.4,55.65,30.6,52.8,36.1,32.1,37.9,45.0,84.6,64.8,56.8,30.1,100.0,62.3,C
20140429,DBGR,5.14992,5.72,3.1,1.77,6.07,5.72,4.14,8.04769,55.7,72.4,68.9,50.2,60.2,50.0,35.2,65.6,51.0,55.6,50.0,50.0,50.0,100.0,62.5,35.2,82.3,58.7,35.6,42.2,0.0,25.9,B
20140429,EWGS,3.84509,3.93,4.55,1.41,3.01,5.32,5.06,6.37692,52.0,46.9,41.9,70.0,57.0,50.0,50.0,62.1,54.2,55.6,35.0,97.5,0.0,45.0,44.4,24.5,85.9,55.2,43.7,50.3,100.0,64.7,C
20140429,TZE,2.00773,3.05,1.5,5,3,5,2.77,0,,70.3127,70.6298,71.6069,71.05493,50,59.2893,13.8111,40.120675,55.5878025,,,,,,,,,,,,,
20140429,DBMX,7.61618,5.48,6.56,5,6.33,7.5,4.53,0,,54.8209,40.9663,48.6102,47.55917,50,54.8005,84.6906,63.58186,55.570515,,,,,,,,,,,,,
20140429,MLPY,4.78404,4.41,1.72,5,5.03,5.95,6.55,6.88923,51.2,81.7,76.8,64.1,71.4,50.0,25.9,41.2,39.7,55.55,50.0,50.0,50.0,50.0,50.0,50.0,50.0,50.0,31.0,50.0,39.2,40.1,C
20140429,IHY,2.48887,3.85,0.63,5,3.4,5,4.03,0,,83.0293,77.8176,76.4712,78.18674,50,46.9451,3.7134,32.88322,55.53498,,,,,,,,,,,,,
20140429,ADRE,4.98337,7.19,4.94,3.41,3.44,4.04,3.37,9.60769,67.4,63.9,74.9,61.7,66.1,50.0,25.9,56.1,44.9,55.5,56.6,99.3,98.0,64.2,79.5,49.9,65.9,57.9,69.3,60.1,97.0,75.5,B
20140429,PMR,3.65797,3.65,3.46,2.02,4.25,5.67,3.9,6.39538,53.3,59.2,63.3,77.9,69.8,50.0,39.0,34.2,41.2,55.5,43.2,32.0,47.8,55.8,44.7,39.2,79.8,59.5,36.7,84.6,97.0,72.8,C
20140429,PTF,4.52543,4.82,5.46,1.48,3.72,5.79,3.27,4.46154,45.2,36.8,34.6,53.6,44.5,50.0,70.4,79.2,66.4,55.45,0.0,0.0,30.1,65.0,23.8,51.0,85.2,68.1,34.2,68.5,97.0,66.6,C
20140429,IYK,3.18874,3.99,4.69,1.61,2.57,4.92,3.31,7.63231,58.6,59.0,76.0,72.7,71.0,50.0,39.0,30.4,39.8,55.4,68.0,49.6,69.8,45.2,58.2,54.1,83.9,69.0,51.7,37.2,100.0,63.0,B
20140429,ROBO,6.09549,4.99,3.2,5,6.33,5,7.24,0,,31.8893,34.9186,64.8426,49.27474,50,79.9875,57.1987,61.515795,55.3952675,,,,,,,,,,,,,
20140429,XTL,4.99578,5.48,6.64,1.36,4.1,5.62,1.89,5.02462,47.8,44.9,37.1,60.3,50.2,50.0,51.1,79.0,60.5,55.35,4.2,33.4,34.7,47.8,30.0,44.8,86.4,65.6,37.7,80.0,97.0,71.6,C
20140429,VCLT,3.96129,4.06,4.54,5,3.25,5,3.46,0,,53.6873,61.8458,72.9967,65.78955,50,75.4364,13.5505,44.873595,55.3315725,,,,,,,,,,,,,
20140429,XLY,2.74343,4.74,5.08,1.55,3,2.6,1.68,4.79846,45.8,46.4,38.6,61.5,51.6,45.2,70.4,63.1,59.0,55.3,49.6,1.8,2.1,56.9,27.6,5.8,84.5,45.1,98.0,47.1,97.0,80.7,C
20140429,GXC,5.74956,5.44,7.68,5.18,2.6,3.93,5.16,9.36769,64.2,40.8,53.4,54.5,51.4,50.0,59.3,68.3,59.2,55.3,99.4,64.9,95.8,48.1,77.1,40.8,48.2,44.5,71.5,35.0,97.0,67.8,B
20140429,DVYA,4.64573,4.29,5.02,1.29,4.01,6.13,4.47,4.54,44.9,88.4,66.2,71.2,73.2,50.0,25.9,34.8,37.4,55.3,0.0,59.1,0.0,40.0,24.8,31.5,87.1,59.3,27.4,80.4,100.0,69.3,D
20140429,PXLV,2.49866,2.47,2.77,1.43,2.98,6.43,3.92,6.90308,54.7,72.8,79.9,78.8,77.9,50.0,25.9,21.2,32.7,55.3,32.6,98.5,37.1,33.4,50.4,53.0,85.7,69.3,21.4,46.4,97.0,54.9,C
20140429,IST,4.72281,5.8,3.82,3.1,2.79,5.56,5.78,5.58308,47.4,70.1,44.3,55.7,55.2,50.0,66.2,51.5,55.4,55.3,0.7,1.4,42.2,100.0,36.1,29.6,69.0,49.3,38.9,40.7,97.0,58.9,C
20140429,ILTB,3.44917,4.58,3.51,5,3,5,2.73,0,,58.6645,79.1205,70.3909,70.6645,50,59.2893,13.0945,39.869865,55.2671825,,,,,,,,,,,,,
20140429,SJNK,2.51699,4.52,0.32,5,3.1,5,4.04,0,,68.3583,72.367,70.8903,70.82691,50,70.4489,3.0619,39.706335,55.2666225,,,,,,,,,,,,,
20140429,CVY,4.00224,4.97,1.85,5,3.38,5,6.09,0,,74.9511,74.6254,69.5874,72.17154,50,51.1222,15.7003,38.331765,55.2516525,,,,,,,,,,,,,
20140429,QQXT,3.57802,3.99,4.02,1.52,4.84,4.14,3.15,5.57846,50.7,55.1,37.9,61.4,53.1,50.0,54.8,67.0,57.4,55.25,38.5,4.5,1.3,100.0,36.1,31.6,84.8,58.2,67.2,94.8,89.5,83.8,C
20140429,KBWC,5.48292,4.86,6.55,2.13,3.8,6.59,3.82,5.72615,48.0,45.1,58.9,63.0,58.2,50.0,19.3,82.8,52.3,55.25,37.0,43.2,31.9,38.6,37.7,14.2,78.7,46.5,18.3,71.1,97.0,62.1,C
20140429,UGA,6.65093,4.93,7.39,5,3.95,5,6.65,0,,51.342,74.1911,66.0695,65.56048,68.5512,16.6459,45.4723,44.901995,55.2312375,,,,,,,,,,,,,
20140429,ACIM,4.32984,3.76,5.33,2.18,3.42,6.89,3.33,3.54308,39.4,78.7,72.1,70.3,72.5,50.0,35.6,27.8,37.9,55.2,2.2,4.5,4.5,45.0,14.1,42.3,78.2,60.3,12.2,59.7,97.0,56.3,D
20140429,EPOL,5.66813,7.42,5.44,2.03,2.8,4.04,6.43,6.81077,53.5,75.8,68.4,62.2,66.8,50.0,23.0,54.7,43.6,55.2,34.5,53.2,60.1,50.0,49.5,11.8,79.7,45.7,69.3,43.9,100.0,71.0,C
20140429,FNDF,3.08187,3.96,2.01,5,3.65,5,3.59,0,,85.1401,78.0999,81.3355,81.12574,50,5.8604,28.4039,29.199485,55.1626125,,,,,,,,,,,,,
20140429,IGHG,3.30554,5.14,1.88,5,3.18,5,3.56,0,,50.3648,67.2638,82.8556,71.6799,50,50,17.4593,38.610755,55.1453275,,,,,,,,,,,,,
20140429,IDHQ,4.94817,5.44,2.75,2.17,3.94,6.65,6.42,5.91538,50.0,60.5,72.4,69.8,68.7,50.0,43.7,31.1,41.5,55.1,2.2,95.5,31.8,30.0,39.9,36.0,78.3,57.2,17.1,75.2,97.0,63.1,C
20140429,CSM,3.76317,3.79,5.48,5,3.18,4.44,2.39,5.31538,47.3,68.0,76.0,78.6,75.7,50.0,13.6,36.9,34.5,55.1,30.2,36.9,0.0,66.7,33.4,50.0,50.0,50.0,61.2,50.0,94.8,68.7,C
20140429,QLTB,3.41879,5,2.53,5,3,5,3.47,0,,76.5928,75.6026,69.3702,72.68444,50,50,14.202,37.4707,55.07757,,,,,,,,,,,,,
20140429,ENY,5.67524,7.03,4.3,1.25,3.73,6.03,5.75,5.80462,52.3,66.1,33.1,45.8,46.0,50.0,84.9,60.1,64.0,55,34.1,42.5,40.0,38.5,38.8,89.3,87.5,88.4,29.4,60.5,88.8,59.6,C
20140429,GRID,5.14352,4.72,5.14,2.63,3.39,5.69,6.17,7.31385,57.5,46.0,60.6,72.1,63.4,50.0,39.0,49.6,46.5,54.95,49.5,67.2,48.4,55.8,55.2,76.3,73.7,75.0,36.3,51.3,89.5,59.0,B
20140429,CLY,3.41446,4.56,3.24,5,3,5,3.04,0,,53.4919,63.8871,73.0619,66.39546,50,75.4364,9.7068,43.5283,54.96188,,,,,,,,,,,,,
20140429,EMHY,3.92617,4.83,2.55,5,3,5,5.54,0,,79.4723,65.19,72.2801,71.59151,50,50,16.6124,38.31434,54.952925,,,,,,,,,,,,,
20140429,BLV,4.121,4.85,4.68,5,3.25,5,2.66,0,,59.8111,78.6862,69.1531,70.14463,50,59.2893,12.7687,39.755835,54.9502325,,,,,,,,,,,,,
20140429,RIGS,2.48842,4.27,0.24,5,3.95,5,3.17,0,,49.5961,64.6797,82.9859,70.81608,50,61.9077,8.5993,39.082065,54.9490725,,,,,,,,,,,,,
20140429,SCZ,4.13974,5.1,5.39,1.6,3.26,3.7,4.26,5.76769,50.6,63.5,63.6,70.1,66.8,50.0,51.1,28.9,43.0,54.9,0.0,63.6,36.9,53.5,38.5,25.8,84.0,54.9,76.1,57.9,100.0,78.0,C
20140429,PFEM,6.1915,6.24,5.48,5,3.1,7.5,4.65,0,,42.9642,14.5494,39.0337,32.47451,50,88.9027,94.4625,77.232685,54.8535975,,,,,,,,,,,,,
20140429,DBIZ,3.741,3.74,0.9,5,4.03,5,7.42,0,,83.0163,76.6015,79.5548,79.36111,50,19.0773,20.2606,30.3144,54.837755,,,,,,,,,,,,,
20140429,IDX,5.71377,6.4,5.36,4.07,3.33,4.17,6.29,9.73692,66.5,51.2,63.7,60.4,59.5,50.0,16.6,78.8,50.1,54.8,65.5,65.6,95.3,100.0,81.6,44.3,59.3,51.8,66.7,48.0,88.0,67.6,B
20140429,TOK,3.35296,3.71,4.79,1.67,2.71,5.73,3.13,5.42154,48.0,66.6,75.4,76.3,74.1,50.0,9.7,42.7,35.4,54.75,0.0,54.0,32.2,53.5,34.9,42.3,83.3,62.8,35.4,41.4,100.0,58.9,C
20140429,FNI,6.58418,7.02,5.72,7.61,3.34,5.69,4.7,7.12462,52.3,39.8,35.9,59.9,48.7,50.0,51.1,79.7,60.7,54.7,52.2,67.8,52.9,40.6,53.4,39.4,23.9,31.6,36.3,49.7,89.5,58.5,C
20140429,TZL,2.76154,3.39,2.93,5,3,5,2.88,0,,69.8567,68.8056,71.6504,70.43822,50,46.9451,21.0423,38.948335,54.6932775,,,,,,,,,,,,,
20140429,GSY,1.82692,3.79,0.91,5,3.38,5,1.32,0,,64.1889,68.2845,65.6569,66.15158,50,84.8504,0.7818,43.22875,54.690165,,,,,,,,,,,,,
20140429,ADRD,3.11755,4.46,3.19,1.87,2.98,5.08,3.7,4.55385,44.7,80.2,73.0,67.2,71.5,50.0,29.6,32.8,37.8,54.65,0.0,40.4,0.0,62.0,25.6,42.4,81.3,61.8,48.5,46.5,97.0,64.0,D
20140429,DWM,4.74329,5.65,5.33,1.96,3.07,4.72,4.82,6.66308,53.7,80.7,75.7,71.6,74.6,50.0,16.6,34.7,34.6,54.6,35.6,42.8,54.8,61.0,48.5,43.5,80.4,61.9,55.7,41.5,89.5,62.2,C
20140429,KLD,3.41526,3.22,5.02,1.55,3.03,5.86,3.19,5.96154,50.8,70.7,69.0,74.5,72.1,50.0,29.6,30.7,37.1,54.6,40.5,41.8,44.5,36.9,40.9,45.2,84.5,64.8,32.9,50.8,100.0,61.3,C
20140429,SCHC,4.36756,5.91,3.85,1.73,3.97,4.67,4.08,5.58308,49.6,65.1,67.2,71.8,69.1,50.0,29.6,39.2,40.1,54.6,3.0,53.5,35.8,55.0,36.8,46.9,82.7,64.8,56.6,59.7,80.5,65.6,C
20140429,IHI,3.63032,4.64,6.5,1.46,2.61,4.14,2.02,6.65846,53.6,36.5,35.8,69.7,52.9,50.0,80.0,42.0,56.2,54.55,51.3,44.0,40.2,58.4,48.5,25.0,85.4,55.2,67.2,38.2,100.0,68.5,C
20140429,THD,4.93775,4.63,7.54,2.03,2.45,3.87,5.48,7.99692,57.9,71.6,79.3,60.9,68.6,50.0,9.7,57.4,40.5,54.55,64.6,45.9,95.8,45.9,63.0,0.1,79.7,39.9,72.7,33.5,100.0,68.7,B
20140429,CBND,1.87534,3.4,0.91,5,3.1,5,2.5,0,,60.3062,54.354,63.9414,60.33814,50,79.9875,20.456,48.65585,54.496995,,,,,,,,,,,,,
20140429,EWC,3.21963,6.03,3.03,1.34,2.93,2.92,4.45,7.55846,59.4,89.1,81.7,75.0,79.8,35.0,19.3,31.9,29.2,54.5,47.3,60.0,57.8,68.2,58.3,38.2,86.6,62.4,91.6,48.0,100.0,79.9,B
20140429,JJT,6.25662,5.61,7.47,5,3.53,5,4.71,0,,35.5114,63.051,62.3779,57.20653,50,51.1222,54.0717,51.761755,54.4841425,,,,,,,,,,,,,
20140429,QDYN,3.29822,2.96,3.83,1.47,3.68,6.03,3.84,7.12462,54.9,82.9,74.8,78.4,78.2,50.0,19.3,21.4,30.8,54.5,3.5,57.1,53.5,100.0,53.6,46.9,85.3,66.1,29.4,46.4,76.0,50.6,C
20140429,EWK,3.00706,2.86,3.19,2.16,2.94,4.99,5.69,5.38,48.0,75.4,78.5,78.5,77.9,0.0,80.0,20.2,31.1,54.5,3.2,35.4,43.5,56.8,34.7,35.5,78.4,56.9,50.3,48.2,100.0,66.2,C
20140429,IBDC,3.94928,5.26,4.11,5,3,5,2.62,0,,35.57,67.5896,82.1607,68.47123,50,70.4489,4.9511,40.367555,54.4193925,,,,,,,,,,,,,
20140429,AOK,2.17696,4.94,0.67,5,3,5,1.79,0,,70.2997,72.7796,72.7796,72.28362,50,51.1222,10.5537,36.530455,54.4070375,,,,,,,,,,,,,
20140429,JYN,5.32743,6.17,5.07,5,3.53,5,4.07,0,,38.7687,58.8165,53.1922,51.99479,50,79.9875,43.7785,56.818725,54.4067575,,,,,,,,,,,,,
20140429,TZG,2.39365,3.34,2.06,5,3,5,2.9,0,,65.2964,69.5874,71.7807,69.82585,50,38.9651,27.9479,38.971295,54.3985725,,,,,,,,,,,,,
20140429,VIOV,4.12577,3.54,6.85,1.43,3.65,5.17,2.38,5.99846,51.6,37.1,54.5,68.0,57.8,50.0,59.3,45.0,51.0,54.4,40.5,33.6,37.0,55.0,41.5,45.0,85.7,65.4,46.7,62.0,92.5,67.1,C
20140429,VCR,3.5516,4.82,6.28,1.59,2.49,3.7,2.36,4.98308,45.0,47.8,38.7,62.3,52.3,96.8,0.1,64.4,56.5,54.4,38.4,4.5,31.2,47.8,30.5,5.8,84.1,45.0,76.0,27.2,92.5,65.2,D
20140429,CEMB,3.9232,5.41,2.19,5,3,5,5.19,0,,83.1987,75.19,64.2237,71.30859,50,50,14.1368,37.44788,54.378235,,,,,,,,,,,,,
20140429,ROOF,4.19057,3.72,2.96,5,4.2,5,5.75,0,,48.0065,63.0727,64.7014,60.87381,50,75.4364,21.8241,47.769355,54.3215825,,,,,,,,,,,,,
20140429,RWK,4.38808,3.46,4.91,1.49,4.33,5.09,5.39,4.82154,45.1,40.7,74.7,68.6,64.9,50.0,39.0,41.6,43.8,54.35,36.6,42.8,31.9,4.0,28.8,48.5,85.1,66.8,48.2,48.0,58.0,51.4,C
20140429,VEGI,2.41968,3.92,2.11,1.8,2.08,6.17,3.89,5.53692,47.9,48.9,67.1,64.6,62.2,50.0,62.2,29.3,46.4,54.3,4.8,51.2,48.8,41.6,36.6,48.7,82.0,65.3,26.7,22.3,100.0,49.7,C
20140429,TIP,3.69629,4.98,3.65,5,3,5,2.82,0,,47.2639,73.3442,59.0119,60.96199,90.4594,43.7032,8.013,47.5763,54.269145,,,,,,,,,,,,,
20140429,CTNN,6.27685,5.08,8.51,5,3.53,5,4.01,0,,44.5277,33.5831,31.0206,34.49077,50,79.9875,92.9642,74.03372,54.262245,,,,,,,,,,,,,
20140429,EWD,4.44169,4.89,5.45,1.1,3.27,3.92,5.61,7.15692,56.1,73.1,66.0,66.7,67.8,50.0,23.0,46.4,40.7,54.25,32.3,95.1,50.5,38.9,54.2,12.9,89.0,51.0,71.7,58.1,100.0,76.6,B
20140429,BSCM,2.4221,4.36,0.52,5,3.38,5,3.22,0,,31.544,67.6547,82.4213,67.81586,50,65.9601,9.3811,40.571415,54.1936375,,,,,,,,,,,,,
20140429,FXSG,6.6685,5.46,9.28,5,3.38,5,3.95,0,,41.5309,31.3029,28.9577,32.1759,50,84.8504,94.7883,76.131025,54.1534625,,,,,,,,,,,,,
20140429,EWL,1.6839,2.26,2.76,0.54,2.74,3.57,4.93,8.08,61.4,79.0,77.4,77.9,78.0,0.0,84.9,13.9,30.3,54.15,39.2,69.4,51.5,97.3,64.3,38.9,94.6,66.7,78.6,42.1,100.0,73.6,B
20140429,VGK,4.45096,5.44,6.4,3.42,2.87,2.63,4.11,5.99385,51.0,84.1,76.3,73.8,76.6,41.3,19.3,32.7,31.7,54.15,33.4,40.5,47.9,45.0,41.7,34.6,65.8,50.2,97.4,38.7,92.5,76.2,C
20140429,VDE,4.31955,5.05,8.03,1.98,2.27,3.4,2.61,7.24462,59.0,83.9,65.9,78.7,75.9,50.0,9.7,34.1,32.3,54.1,34.2,44.5,47.2,95.5,55.3,93.7,80.2,86.9,82.0,20.7,92.5,65.1,B
20140429,MOO,4.84776,5.87,5.67,1.72,3.17,3.31,5.72,6.64923,55.2,73.7,74.1,65.4,69.7,54.8,43.7,18.0,38.6,54.15,44.9,61.5,51.2,37.5,48.8,54.9,82.8,68.8,83.8,43.2,88.0,71.6,B
20140429,RVNU,5.42263,5.71,3.38,5,6.33,5,3.44,0,,33.2052,36.7101,30.684,32.99607,50,88.9027,88.6645,75.203385,54.0997275,,,,,,,,,,,,,
20140429,EXT,3.01817,2.89,4.99,1.47,2.48,6.42,2.58,7.19846,54.7,65.1,72.1,76.2,72.7,50.0,23.0,31.6,35.5,54.1,34.9,95.3,52.4,36.6,54.8,46.5,85.3,65.9,21.7,24.0,89.5,45.1,C
20140429,PDP,4.05228,4.26,4.36,1.62,3.72,4.05,5.71,5.85077,51.7,56.9,42.5,66.6,57.4,50.0,29.6,69.7,50.8,54.1,35.9,45.5,41.9,37.5,40.2,39.2,83.8,61.5,69.1,68.5,97.0,78.2,C
20140429,QAI,3.62729,4.52,0.87,5,4.2,5,5.63,0,,65.8306,64.8969,47.9913,56.63084,50,84.8504,24.3648,51.4828,54.05682,,,,,,,,,,,,,
20140429,PFM,1.62717,3.2,1.49,1.41,2.44,4.59,4.22,6.02615,51.9,78.4,78.8,77.2,77.9,50.0,16.6,21.7,30.1,54,30.5,41.0,61.0,36.5,42.2,58.7,85.9,72.3,58.3,30.1,97.0,61.8,C
20140429,EMEY,6.77678,7.24,6.73,4.49,2.96,5.71,5.67,8.77692,62.7,55.0,40.3,23.0,34.6,50.0,88.9,83.6,73.4,54,61.9,56.6,69.8,100.0,72.0,67.1,55.1,61.1,35.8,48.9,100.0,61.6,B
20140429,VGLT,4.22074,4.63,4.53,5,3.25,5,3.56,0,,48.0326,72.7362,63.7894,63.32208,50,70.4489,17.1336,44.63143,53.976755,,,,,,,,,,,,,
20140429,INCO,6.92716,5.24,5.97,5.07,4.48,6.91,6.6,7.26769,52.4,33.5,58.5,64.8,56.6,50.0,25.9,74.3,51.3,53.95,56.8,65.9,0.0,100.0,55.7,19.0,49.3,34.1,11.9,68.1,73.8,51.2,C
20140429,EEMA,4.27253,5.35,4.58,2.58,2.7,5.17,4.48,8.40769,60.5,45.0,65.2,62.8,59.9,50.0,39.0,53.5,47.9,53.9,64.5,38.1,69.8,100.0,68.1,35.5,74.2,54.8,46.7,41.0,100.0,62.6,B
20140429,NFO,5.08089,3.81,5.25,1.61,4.86,4.91,6.22,5.5,50.4,46.4,57.5,66.9,60.0,50.0,32.9,58.5,47.8,53.9,3.6,57.3,38.4,47.2,36.6,42.6,83.9,63.3,51.8,94.6,88.8,78.4,C
20140429,TDTT,2.813,5.29,0.25,5,3.8,5,3.03,0,,66.3909,74.4083,61.835,66.51817,50,75.4364,3.3225,41.293795,53.9059825,,,,,,,,,,,,,
20140429,RWW,4.09885,3.27,5.77,1.39,3.89,6.28,2.86,7.19385,52.4,59.6,61.2,68.5,64.5,50.0,25.9,51.3,43.2,53.85,63.3,59.8,30.4,66.3,55.0,13.9,86.1,50.0,24.4,34.6,58.0,39.0,C
20140429,INP,6.06541,5.07,6.86,5,3.53,4.62,6.12,7.89077,57.9,81.7,60.8,70.5,69.9,50.0,25.9,36.0,37.9,53.9,50.0,50.0,50.0,100.0,62.5,50.0,50.0,50.0,57.7,50.0,84.2,64.0,B
20140429,MUAG,2.51335,4.9,0.42,5,3,5,3.46,0,,57.8828,66.5038,81.4224,72.2389,50,54.8005,4.43,35.49065,53.864775,,,,,,,,,,,,,
20140429,VT,4.06682,5.47,5.02,2.44,2.45,3.01,5.48,4.98769,46.6,72.8,71.2,71.0,71.4,32.9,43.7,33.3,36.3,53.85,2.6,43.4,36.9,41.6,31.1,37.9,75.6,56.8,89.8,25.9,92.5,69.4,C
20140429,DLBL,5.48673,3.53,6.24,5,3.53,5,6.86,0,,51.3681,66.8512,63.0945,61.87623,50,5.4239,76.1564,45.78191,53.82907,,,,,,,,,,,,,
20140429,BBRC,3.63647,3.96,1.79,5.78,4.27,4.65,4.97,8.54154,58.6,36.1,69.8,68.9,62.6,50.0,54.8,31.8,45.1,53.85,55.0,61.6,61.6,100.0,69.6,15.0,42.2,28.6,57.1,61.8,73.8,64.2,B
20140429,GUNR,3.7146,5.17,3.27,1.75,3.65,4.5,4.33,7.49385,57.3,83.6,79.2,69.1,75.0,50.0,16.6,28.9,32.6,53.8,30.0,48.4,55.0,100.0,58.3,44.2,82.5,63.4,60.1,45.6,76.0,60.6,B
20140429,VIG,2.12103,3.67,4.69,1.43,2.71,2.94,1.74,5.48615,50.6,66.7,71.8,73.7,71.7,52.3,25.9,27.9,35.8,53.75,30.4,37.0,40.2,38.6,36.6,58.0,85.7,71.8,91.3,33.9,92.5,72.6,C
20140429,TRND,4.15265,3.35,2.64,5,4.23,4.27,7.34,7.87692,57.4,75.7,71.9,76.0,74.7,50.0,9.7,35.4,32.8,53.75,50.0,50.0,50.0,100.0,62.5,50.0,50.0,50.0,64.7,50.0,63.2,59.3,B
20140429,FTC,4.40099,4.77,4.52,1.6,4.08,5.38,4.1,6.84308,55.2,49.2,39.9,67.4,55.5,50.0,39.0,65.1,52.0,53.75,54.9,51.9,64.7,33.8,51.3,44.4,84.0,64.2,42.5,72.0,89.5,68.0,B
20140429,GRWN,6.16168,4.76,8.53,5,3.53,5,4.04,0,,42.899,35.2986,19.848,29.09338,50,88.9027,97.7199,78.372775,53.7330775,,,,,,,,,,,,,
20140429,EWSS,4.22115,4.2,4.48,0.58,3.21,6.5,5.06,5.53231,46.9,80.7,81.1,61.0,71.0,50.0,32.9,26.1,36.5,53.75,36.1,0.0,47.2,65.0,37.1,0.3,94.2,47.2,20.1,56.2,100.0,58.8,C
20140429,HDV,2.16165,2.97,4.25,1.39,2.43,3.54,3.45,5.98,52.2,79.4,83.0,79.0,80.3,0.0,66.2,20.8,27.1,53.7,4.0,0.0,96.0,67.8,42.0,51.3,86.1,68.7,79.3,33.0,100.0,70.8,C
20140429,EDV,5.6195,4.97,8.14,5,3.25,5,2.75,0,,48.5016,56.9164,64.0282,58.78934,50,46.9451,48.6645,48.616105,53.7027225,,,,,,,,,,,,,
20140429,PWB,3.54037,4.79,3.16,1.79,4.04,5.04,3.28,8.97077,64.7,49.8,39.7,65.8,54.8,50.0,35.6,69.8,52.6,53.7,55.9,97.0,95.6,49.0,74.4,36.8,82.1,59.5,49.3,78.3,97.0,74.9,B
20140429,VIXH,3.33849,3.9,1.97,5,3.35,5,5.14,0,,71.4854,63.5939,70.3692,68.55985,50,29.2394,35.6352,38.74414,53.651995,,,,,,,,,,,,,
20140429,BSCH,1.45989,3.1,0.25,5,3.38,5,2,0,,84.7492,73.4093,67.0467,72.49598,50,54.8005,2.4756,34.80661,53.651295,,,,,,,,,,,,,
20140429,FXZ,4.17143,5.07,4.84,1.39,4.05,4.12,3.75,5.60615,51.1,47.1,57.6,70.3,61.8,0.0,84.9,57.1,45.5,53.65,31.7,45.8,37.2,37.5,38.0,49.6,86.1,67.9,67.7,70.9,89.5,76.0,C
20140429,XOVR,2.76416,5,0.76,5,3.1,5,3.56,0,,50.2606,69.0011,76.9924,69.24865,50,54.8005,11.6612,38.02157,53.63511,,,,,,,,,,,,,
20140429,GERJ,5.65368,4.7,6.06,1.49,3.61,6.86,5.76,6.52,52.4,60.3,44.6,65.4,58.1,50.0,19.3,73.6,49.0,53.55,30.9,98.5,0.0,62.5,48.0,45.6,85.1,65.4,12.9,56.2,88.0,52.4,C
20140429,GIVE,5.81636,4.62,5.07,5,4.03,5,7.44,0,,34.8599,37.2421,62.0087,49.14896,50,59.2893,64.9511,58.019675,53.5843175,,,,,,,,,,,,,
20140429,QTEC,4.26111,5.24,4.75,1.66,4.81,3.61,3.19,6.86154,57.5,43.7,38.7,69.8,55.2,50.0,29.6,73.0,51.9,53.55,51.7,53.4,55.7,45.9,51.7,50.7,83.4,67.0,77.8,93.9,89.5,87.1,B
20140429,TDD,5.39728,3.41,4.98,5,6.33,5,4.4,0,,62.7427,40.4017,29.4571,39.3976,50,66.2095,86.8404,67.75699,53.577295,,,,,,,,,,,,,
20140429,KOL,6.14868,7.98,5.34,2.25,3.62,3.98,6.2,7.78462,60.6,60.3,44.6,22.0,36.4,80.9,80.0,52.6,70.7,53.55,38.4,45.9,62.5,100.0,61.7,68.7,77.5,73.1,70.4,56.6,88.0,71.7,B
20140429,NEAR,2.2266,4.7,0.03,5,3,5,3.3,0,,61.3355,67.1987,83.3116,74.08251,50,50,1.5635,33.047225,53.5648675,,,,,,,,,,,,,
20140429,PXSG,3.74612,4.19,3.38,1.38,3.19,6.85,4.27,7.24923,55.5,45.0,71.6,66.6,63.8,50.0,9.7,65.5,43.3,53.55,49.5,55.4,56.4,62.5,55.9,39.8,86.2,63.0,13.0,52.6,97.0,54.2,B
20140429,SGG,6.24752,5.94,7.24,5,3.53,5,4.52,0,,44.2671,58.317,54.3214,53.50922,49.47,35.5985,72.9642,53.53152,53.52037,,,,,,,,,,,,,
20140429,SCHP,2.66578,4.37,1.7,5,3.65,5,1.92,0,,50.9642,75.6895,59.8154,62.80739,50,79.9875,7.3616,44.07281,53.4401,,,,,,,,,,,,,
20140429,DBUK,5.81261,5.15,4.41,5,6.33,5,4.14,0,,66.3258,72.2801,80.9663,75.43234,50,29.3017,14.7231,31.443595,53.4379675,,,,,,,,,,,,,
20140429,EIRL,3.65528,2.99,5.37,2.63,2.93,4.73,4.65,4.12923,42.1,42.2,37.1,74.2,56.7,50.0,54.4,46.8,50.2,53.45,30.3,0.0,0.0,58.4,22.2,27.7,73.7,50.7,55.5,47.9,100.0,67.8,D
20140429,DPU,5.63035,5.74,5.24,5,3.1,5,6.21,0,,69.0228,32.9425,26.5364,36.95551,50,75.4364,85.0814,69.90941,53.43246,,,,,,,,,,,,,
20140429,NYF,3.23716,4.43,3.47,5,3,5,2.23,0,,73.8046,79.3377,74.7557,75.94008,50,38.9651,4.886,30.89963,53.419855,,,,,,,,,,,,,
20140429,RFV,3.24733,3.09,4.96,1.62,4.08,4.92,2.2,6.27538,53.1,37.4,59.3,70.0,60.2,50.0,54.8,36.2,46.6,53.4,59.5,39.5,39.5,43.8,45.5,44.9,83.8,64.4,51.6,71.0,88.8,70.5,C
20140429,QDEF,2.43212,2.6,1.94,1.55,3.88,5.92,3.84,6.19231,51.2,73.1,77.9,79.8,77.9,50.0,9.7,24.2,28.9,53.4,0.0,46.5,64.3,67.8,44.6,49.1,84.5,66.8,31.7,52.3,76.0,53.3,C
20140429,TRNM,4.66682,3.37,3.27,5,4.23,5.19,7.33,7.84,56.7,46.0,74.4,68.2,65.6,50.0,25.9,45.3,41.1,53.35,50.0,50.0,50.0,100.0,62.5,50.0,50.0,50.0,46.3,50.0,63.2,53.2,B
20140429,MLPJ,2.99028,2.5,0.9,2.32,4.39,6.37,5.98,3.03538,35.4,81.7,80.7,80.2,80.7,50.0,9.7,16.2,26.1,53.4,0.0,0.0,0.0,41.6,10.4,8.7,76.8,42.7,22.7,68.4,76.8,55.9,D
20140429,DTUL,3.94121,3.39,2.49,5,3.53,5,7.06,0,,43.3681,64.6145,64.202,60.15897,50,84.414,10.6189,46.540815,53.3498925,,,,,,,,,,,,,
20140429,VTV,2.57454,3.6,5.27,1.47,2.84,3.23,2.13,7.38308,58.2,79.0,75.9,77.5,77.3,0.0,70.4,23.5,29.3,53.3,47.3,97.1,51.4,34.8,57.6,47.6,85.3,66.5,85.4,37.7,92.5,71.9,B
20140429,XAR,4.78695,4.09,6.55,1.38,4.04,5.29,3.75,5.45385,51.9,58.1,43.7,73.0,61.2,50.0,0.1,79.7,45.4,53.3,3.5,1.7,96.5,45.0,36.7,84.8,86.2,85.5,44.3,78.1,97.0,73.1,C
20140429,CPI,2.30697,4.05,0.47,5,4.2,5,2.11,0,,58.0391,72.3887,63.4419,65.04538,50,75.4364,3.8436,41.47618,53.26078,,,,,,,,,,,,,
20140429,HYXU,3.10435,4.1,2.31,5,3,5,3.99,0,,55.9153,71.6504,75.342,70.34918,50,50,10.2932,36.10262,53.2259,,,,,,,,,,,,,
20140429,XLF,2.06415,3.99,4.19,1.42,2.96,2.59,1.79,7.98769,60.1,40.4,28.4,35.2,34.2,79.2,88.9,51.1,72.3,53.25,65.6,95.7,53.5,42.2,64.2,15.2,85.8,50.5,98.2,45.9,97.0,80.4,B
20140429,JKI,4.46447,3.87,6.48,1.82,3.72,5.84,2.71,6.00769,51.5,52.7,68.0,77.1,69.5,50.0,25.9,33.2,36.9,53.2,36.5,46.2,43.6,45.0,42.8,43.6,81.8,62.7,33.2,71.7,100.0,68.3,C
20140429,EWT,3.36267,5.98,2.6,0.95,2.62,2.87,6.42,7.45692,58.8,43.4,39.7,35.0,38.1,43.8,88.9,75.2,68.3,53.2,54.0,66.3,65.8,48.1,58.5,37.9,90.5,64.2,92.7,38.5,100.0,77.0,B
20140429,FNX,4.40262,4.63,5.41,1.57,4.1,4.63,3.71,5.19077,48.6,44.8,57.3,68.4,60.3,50.0,39.0,48.1,46.0,53.15,33.5,36.6,34.8,30.9,34.0,45.0,84.3,64.6,57.4,72.5,89.5,73.1,C
20140429,FSTA,3.43787,4.68,1.52,5,4.88,5,2.71,0,,69.4854,65.8415,65.9066,66.60283,50,46.9451,23.127,39.67798,53.140405,,,,,,,,,,,,,
20140429,HYLD,4.47033,5.3,1.16,5,4.03,5,7.37,0,,44.9837,62.747,72.1064,63.87404,50,75.4364,6.4495,42.388245,53.1311425,,,,,,,,,,,,,
20140429,IBDA,4.06561,5.37,4.3,5,3,5,2.61,0,,58.5082,66.6341,81.4441,72.41392,50,50.6234,3.2573,33.827075,53.1204975,,,,,,,,,,,,,
20140429,IHF,3.83034,4.5,6.57,1.4,2.77,4.44,2.34,6.04462,50.9,44.4,55.6,67.9,59.5,50.0,46.9,43.1,46.7,53.1,37.6,42.4,54.5,38.9,43.3,25.2,86.0,55.6,61.2,43.1,100.0,68.1,C
20140429,HYEM,2.88756,4.73,0.73,5,3.4,5,4.02,0,,39.4332,72.9099,67.1336,63.32641,50,75.4364,7.6873,42.821475,53.0739425,,,,,,,,,,,,,
20140429,QQQE,4.68211,4.4,4.81,2.44,4.75,5.58,3.63,3.68615,41.4,46.2,37.5,66.7,53.9,50.0,39.0,65.9,52.2,53.05,0.0,2.2,0.0,68.8,17.8,35.6,75.6,55.6,38.5,94.9,92.5,75.3,D
20140429,VQT,5.1617,4.43,5.37,5,4.05,5,4.84,0,,51.1987,54.734,77.7633,65.54159,50,51.1222,21.8893,40.497915,53.0197525,,,,,,,,,,,,,
20140429,BND,2.62986,4.69,1.53,5,3.25,5,2.17,0,,62.3388,72.215,60.2932,64.27886,50,75.4364,4.6254,41.74981,53.014335,,,,,,,,,,,,,
20140429,IGV,4.33102,5.83,7.02,1.37,2.78,3.94,2.01,7.07846,57.2,40.6,35.3,56.8,47.1,50.0,51.1,74.5,58.9,53,58.0,49.3,51.4,59.6,54.6,54.6,86.3,70.5,71.3,43.4,100.0,71.6,B
20140429,TWTI,5.94843,3.36,6.52,5,4.23,5,7.35,0,,44.5928,48.7296,57.9262,52.50054,50,13.2793,91.4658,53.49682,52.99868,,,,,,,,,,,,,
20140429,SCHM,2.94353,4.11,4.33,1.66,4.43,3.93,0.96,4.74308,46.8,46.6,40.7,69.0,56.1,50.0,43.7,55.2,49.9,53,3.9,43.0,2.5,67.8,29.3,43.2,83.4,63.3,71.5,73.3,80.5,75.1,C
20140429,VTWO,4.06908,4.77,7.34,1.57,3.22,3.27,2.08,5.53692,50.1,37.3,35.7,60.2,48.3,50.0,62.2,61.6,57.7,53,34.1,47.8,4.5,65.0,37.9,41.0,84.3,62.6,84.7,49.1,92.5,75.4,C
20140429,VXUS,3.92023,5.91,4.54,3.28,2.38,3.13,4.57,6.68154,53.1,72.6,72.5,67.5,70.0,0.0,88.9,26.5,36.0,53,44.5,51.1,58.4,47.2,50.3,31.8,67.2,49.5,87.5,23.9,92.5,68.0,C
20140429,WMCR,4.2501,4.21,4.21,1.42,3.57,5.31,5.79,5.66615,49.1,33.4,34.5,61.6,47.9,50.0,51.1,72.2,58.1,53,0.6,58.8,33.0,65.0,39.3,31.9,85.8,58.8,43.8,55.7,88.8,62.8,C
20140429,AAXJ,4.14564,4.62,5.95,2.5,2.69,2.81,5.45,6.93538,55.7,55.8,68.9,63.0,63.3,0.0,88.9,45.6,42.6,52.95,58.0,53.7,68.0,32.7,53.1,34.3,75.0,54.6,93.8,40.7,100.0,78.2,B
20140429,DBV,3.4457,4.76,1.16,5,3.1,5,5.82,0,,46.3388,60.684,60.8578,57.90186,50,88.9027,11.1401,48.069845,52.9858525,,,,,,,,,,,,,
20140429,AXJL,4.67437,4.29,5.92,1.72,3.03,6.17,4.45,8.03385,58.6,70.6,75.2,61.8,67.6,50.0,25.9,37.2,38.3,52.95,60.1,60.0,99.5,40.6,65.0,40.6,82.8,61.7,26.7,40.5,89.5,52.3,B
20140429,PNQI,4.50945,6.01,7.03,2.39,2.45,3.39,2.91,4.20769,43.2,42.4,34.7,55.2,46.5,50.0,35.6,89.1,59.3,52.9,0.0,34.3,1.7,58.4,23.6,36.6,76.1,56.4,82.3,30.6,97.0,70.0,D
20140429,CMF,4.14547,6.17,3.87,5,3,5,2.35,0,,72.0847,81.2052,76.7535,77.15525,50,29.5511,6.5798,28.66826,52.911755,,,,,,,,,,,,,
20140429,CFT,3.26959,4.26,3.43,5,3,5,2.67,0,,68.5147,78.1216,69.4571,71.86797,50,46.9451,6.5147,33.863675,52.8658225,,,,,,,,,,,,,
20140429,PGJ,6.69015,7.52,6.25,8.19,2.73,4.3,5.56,7.24462,53.1,36.9,34.9,56.2,46.0,67.1,19.3,87.1,59.8,52.9,40.0,69.8,63.5,52.8,56.5,35.2,18.1,26.7,64.0,39.0,97.0,66.7,C
20140429,EES,3.92761,3.93,6.6,1.41,3.37,4.64,2.41,5.16308,47.7,33.3,53.5,65.3,55.4,50.0,46.9,53.6,50.3,52.85,3.5,55.8,40.1,36.6,34.0,41.6,85.9,63.7,57.2,50.6,89.5,65.7,C
20140429,CARZ,4.69957,4.69,5.65,1.54,3.31,4.37,5.82,5.92923,49.2,45.3,59.1,65.5,59.6,50.0,25.9,59.7,46.1,52.85,41.1,50.8,41.1,36.1,42.3,4.6,84.6,44.6,62.6,48.7,89.5,66.9,C
20140429,MTUM,3.76763,5.11,4.83,1.45,2.91,5.16,2.88,6.52923,53.2,50.4,39.3,76.9,60.3,50.0,13.3,68.3,45.4,52.85,50.0,50.0,50.0,45.0,48.8,36.4,85.5,60.9,46.9,47.3,100.0,64.7,C
20140429,IEZ,4.8036,5.57,7.94,3.32,2.6,3.97,2.02,7.51231,59.8,56.9,79.4,76.9,73.7,0.0,54.8,44.2,31.9,52.8,38.6,97.8,4.5,96.9,59.5,91.9,66.8,79.4,70.7,38.1,100.0,69.6,B
20140429,EUSA,1.69934,2.3,3.41,1.52,2.73,5.84,1.21,5.91538,50.3,71.8,70.1,75.5,73.1,50.0,6.4,37.3,32.5,52.8,31.2,63.5,31.2,42.6,42.2,45.4,84.8,65.1,33.3,41.9,100.0,58.4,C
20140429,ASDR,6.05302,3.69,6.29,5,3.9,7.46,5.6,7.78462,55.2,90.0,81.0,76.8,80.7,50.0,22.8,1.3,24.8,52.75,50.0,50.0,50.0,100.0,62.5,50.0,50.0,50.0,0.8,50.0,73.0,41.3,B
20140429,FEFN,4.07019,3.98,5.16,1.01,2.84,6.16,4.49,6.95385,53.6,34.7,56.3,52.7,50.2,50.0,54.8,61.1,55.3,52.75,46.0,51.6,56.4,60.0,53.5,17.5,89.9,53.7,26.8,45.3,100.0,57.4,C
20140429,FNDB,2.90107,3.81,1.72,5,3.65,5,3.59,0,,77.1401,73.4528,81.5309,78.22931,50,9.7257,19.6091,27.280895,52.7551025,,,,,,,,,,,,,
20140429,JKH,5.18856,5.88,7.46,1.42,3.57,6,1.14,6.95385,55.5,48.7,38.4,64.0,53.2,50.0,32.9,71.1,52.3,52.75,43.6,59.8,49.1,61.5,53.5,43.1,85.8,64.5,30.1,67.1,100.0,65.7,B
20140429,TLH,4.13355,4.72,4.81,5,3,5,3.05,0,,54.9511,70.9338,61.1618,62.85126,50,70.4489,11.4658,42.6477,52.74948,,,,,,,,,,,,,
20140429,GGOV,4.495,5.08,4.4,5,3.18,5,4.2,0,,70.6384,68.6754,47.1444,58.3025,50,84.8504,12.0521,47.173355,52.7379275,,,,,,,,,,,,,
20140429,NYC,3.92433,4.04,5.83,1.67,2.4,6.7,2.64,6.68154,52.7,76.3,74.6,76.0,75.6,50.0,0.1,35.1,29.8,52.7,46.5,62.6,51.5,41.6,50.6,45.4,83.3,64.3,16.0,32.1,100.0,49.4,C
20140429,CROP,4.61726,5,2.84,2.14,4.08,6.18,5.99,6.92615,53.3,40.4,63.3,58.0,56.0,50.0,75.4,26.3,49.3,52.65,4.4,48.5,60.3,100.0,53.3,47.7,78.6,63.2,26.5,46.5,64.0,45.7,C
20140429,PICK,3.56411,5.45,3.64,2.25,2.04,5.57,3.9,7.40615,55.6,44.0,64.0,59.6,57.8,50.0,25.9,63.6,47.5,52.65,52.2,34.1,47.8,100.0,58.5,39.2,77.5,58.4,38.7,21.1,100.0,53.3,B
20140429,DBJP,5.92371,3.06,5.81,9.99,6.11,4.3,4.14,7.85385,50.0,68.7,60.3,56.4,60.0,50.0,19.3,62.5,45.2,52.6,61.4,97.0,53.8,41.6,63.4,0.0,0.1,0.0,64.0,43.2,0.0,35.7,C
20140429,RZG,4.44862,4.84,6.74,1.37,4.12,4.79,1.49,6.99077,56.2,32.3,52.3,60.1,52.2,50.0,39.0,67.9,52.9,52.55,45.9,65.1,46.4,59.2,54.1,39.6,86.3,62.9,54.3,72.4,88.8,71.8,B
20140429,DIRT,6.01979,4.72,8.26,5,3.53,5,3.99,0,,65.9479,27.6656,35.0814,39.02996,50,70.3865,78.4365,66.068725,52.5493425,,,,,,,,,,,,,
20140429,KBWI,4.83299,3.84,5.91,1.96,3.96,6.55,3.82,4.17077,41.6,59.5,67.7,70.0,67.2,50.0,4.5,54.3,37.8,52.5,38.8,0.0,0.0,55.8,23.6,15.0,80.4,47.7,19.0,75.8,97.0,63.9,D
20140429,TLO,3.98949,4.41,4.41,5,3.1,5,3.47,0,,51.0684,73.1053,64.0499,64.17022,50,54.8005,19.7394,40.84894,52.50958,,,,,,,,,,,,,
20140429,RSX,7.22832,8.79,6.99,5.77,3.16,2.76,6.61,7.63231,57.9,33.9,6.5,18.0,17.7,85.9,84.9,90.2,87.1,52.4,59.7,61.1,67.7,56.2,61.2,56.7,42.3,49.5,94.8,42.9,88.0,75.2,B
20140429,PXMC,3.26818,2.4,3.66,1.51,3.92,6.88,3.59,4.9,46.1,50.6,64.2,73.5,66.1,50.0,32.9,32.3,38.7,52.4,1.1,40.5,49.7,35.0,31.6,41.5,84.9,63.2,12.5,74.7,97.0,61.4,C
20140429,IYC,3.72613,4.93,6.17,1.45,2.45,4.26,2.56,5.12154,46.5,52.5,40.3,66.0,55.6,50.0,35.6,60.0,49.2,52.4,44.5,36.5,1.8,53.2,34.0,21.7,85.5,53.6,64.8,33.6,100.0,66.1,C
20140429,DBE,5.32622,6.88,4.57,5,3.1,5,4.39,0,,52.3974,70.7818,66.0912,64.75962,0,88.9027,37.9153,39.941165,52.3503925,,,,,,,,,,,,,
20140429,PXSC,3.94903,3.76,4.61,1.41,3.26,7.01,3.52,4.36,43.1,51.5,58.4,65.5,60.6,50.0,9.7,67.7,44.1,52.35,1.7,32.5,32.5,36.5,25.8,43.8,85.9,64.8,9.8,54.8,97.0,53.9,D
20140429,PKB,5.07286,5.13,4.16,1.38,4.26,4.82,6.95,7.01385,57.8,36.5,35.9,63.2,49.6,50.0,54.8,60.2,55.0,52.3,34.6,48.2,39.6,95.8,54.6,58.3,86.2,72.3,53.7,84.9,97.0,78.5,B
20140429,PXMG,3.87789,4.56,3.46,1.38,3.88,6.49,3.39,7.85385,59.3,48.7,60.3,70.5,63.1,50.0,19.3,52.2,41.5,52.3,65.7,57.4,61.8,70.0,63.7,43.7,86.2,65.0,20.2,73.4,97.0,63.5,B
20140429,CWB,3.88027,5.01,2.93,5,3.1,5,4.38,0,,56.0456,44.3865,69.9131,59.48162,50,43.7032,41.1726,45.02137,52.251495,,,,,,,,,,,,,
20140429,FXD,3.8709,4.57,4.17,1.74,4.08,4.19,4.12,5.46769,48.4,47.5,38.8,63.5,52.9,50.0,43.7,59.9,51.6,52.25,40.9,46.4,30.5,33.8,37.9,12.4,82.6,47.5,66.2,71.8,89.5,75.8,C
20140429,EPU,5.62891,6.77,5.57,4.62,2.98,4.46,5.08,7.97846,57.3,88.5,81.1,57.0,70.5,50.0,9.7,38.2,33.8,52.15,63.0,68.8,68.1,60.7,65.2,14.4,53.8,34.1,60.8,49.3,100.0,70.0,B
20140429,PDN,3.60036,3.47,3.41,2.22,3.72,5.59,4.82,5.18615,47.3,83.6,72.9,68.5,72.8,50.0,25.9,17.7,31.4,52.1,1.9,61.9,35.4,41.0,35.0,35.6,77.8,56.7,38.2,68.5,97.0,67.9,C
20140429,SLYV,4.34865,4.18,7.25,1.42,3.47,5.24,1.86,5.77231,50.7,37.6,54.2,66.9,57.3,50.0,39.0,50.8,47.0,52.15,33.0,42.4,44.1,45.6,41.3,45.6,85.8,65.7,45.3,61.0,97.0,67.8,C
20140429,PSCU,2.20525,2.3,2.5,1.38,3.86,5.27,3.37,3.97692,44.0,50.2,68.3,69.1,65.1,50.0,51.1,17.8,39.1,52.1,0.0,50.0,0.0,37.5,21.9,58.6,86.2,72.4,44.6,72.8,97.0,71.5,D
20140429,JKJ,5.09466,4.88,7.59,1.64,3.79,6.12,1.55,5.86923,50.9,44.0,56.3,67.6,59.5,50.0,25.9,55.0,44.5,52,33.9,47.0,45.4,43.8,42.5,44.5,83.6,64.1,27.6,73.8,100.0,67.1,C
20140429,IGE,3.9111,5.56,6.04,1.89,2.6,3.51,2.79,6.46462,56.1,72.1,65.1,78.0,72.9,50.0,0.1,38.6,31.0,51.95,43.1,60.5,58.7,33.9,49.0,87.5,81.1,84.3,79.8,38.0,100.0,72.6,B
20140429,EQL,3.61519,2.72,3.87,1.38,5.22,5.46,3.61,5.82308,48.9,74.6,74.0,77.5,75.9,50.0,9.7,22.0,28.1,52,35.0,60.0,33.0,40.0,42.0,6.7,86.2,46.4,40.8,88.2,71.5,66.8,C
20140429,MONY,4.8718,5.14,5.92,5,3,5,3.47,0,,44.2932,33.3659,27.2204,32.47861,50,70.4489,93.6808,71.42295,51.95078,,,,,,,,,,,,,
20140429,ONEQ,6.13097,5.04,7.12,5,4.88,3.57,5.03,7.93692,57.5,53.7,39.2,65.0,55.0,50.0,25.9,67.4,48.8,51.9,48.2,62.8,52.4,96.5,65.0,50.0,50.0,50.0,78.6,50.0,43.8,57.5,B
20140429,FIW,3.94512,3.6,4.53,1.7,4.34,5.5,3.61,5.53692,51.1,35.0,37.4,66.0,51.2,50.0,66.2,43.5,52.6,51.9,40.2,44.5,37.8,33.4,39.0,72.0,83.0,77.5,40.0,79.7,89.5,69.7,C
20140429,MDY,4.59683,5.54,7.75,1.6,3.82,3.05,1.55,6.17385,54.1,45.6,40.7,67.5,55.1,56.5,39.0,49.2,48.7,51.9,32.3,45.3,41.6,64.5,45.9,43.6,84.0,63.8,89.1,71.7,97.0,85.9,C
20140429,FAB,3.62802,3.03,4.43,1.5,3.69,5.41,4.63,4.64154,45.6,51.5,67.2,76.8,68.9,50.0,25.9,27.6,34.9,51.9,33.5,42.0,4.9,36.8,29.3,48.7,85.0,66.8,41.8,60.3,89.5,63.9,C
20140429,DOD,5.75956,4.3,4.51,5,4.15,6.03,7.34,7.70154,55.6,65.4,47.1,45.1,49.7,50.0,80.0,35.8,54.0,51.85,50.0,50.0,50.0,100.0,62.5,50.0,50.0,50.0,29.4,50.0,65.5,48.3,B
20140429,SCHB,1.92937,3.67,3.86,1.5,2.8,3.63,1.43,6.32154,52.4,67.2,66.7,73.5,70.2,0.0,62.2,42.5,33.6,51.9,35.4,63.7,31.6,59.2,47.5,47.0,85.0,66.0,77.4,24.6,80.5,60.8,C
20140429,GEUR,6.07756,5,5,5,4.03,7.5,5.43,0,,50,50,50,50,50,62.2195,50,53.66585,51.832925,,,,,,,,,,,,,
20140429,TCHI,7.79748,6.27,6.91,5,4.23,6.82,7.32,7.69692,55.0,51.0,60.4,56.9,56.8,50.0,0.1,83.7,46.8,51.8,50.0,50.0,50.0,100.0,62.5,50.0,50.0,50.0,13.6,50.0,63.2,42.3,C
20140429,XSD,5.43125,6.18,7.55,1.73,4.28,4.18,2.04,6.73231,56.8,38.7,58.0,74.6,62.4,0.0,46.9,77.3,41.1,51.75,46.7,65.4,50.2,46.2,52.1,55.7,82.7,69.2,66.5,85.4,97.0,82.9,B
20140429,RWG,6.97807,5.26,6.52,2.05,5.38,6.58,6.41,6.24308,49.6,44.3,36.3,60.1,49.8,50.0,25.9,81.2,53.7,51.75,33.5,69.3,34.5,50.0,46.8,41.0,79.5,60.2,18.5,63.7,42.2,41.5,C
20140429,AYT,5.24895,5.05,5.17,5,4.05,5,4.53,0,,49.8697,33.4745,24.81,32.42129,50,88.9027,76.873,71.07636,51.748825,,,,,,,,,,,,,
20140429,UNG,7.12462,4.58,8.18,5,3.95,5,7.73,0,,65.1531,46.2866,25.5809,39.70705,79.8587,25.8728,80.1954,63.780775,51.7439125,,,,,,,,,,,,,
20140429,EWS,3.23697,5.37,2.29,2.22,3.19,3.18,5.53,7.83077,59.4,61.1,61.3,64.3,62.8,0.0,88.9,40.1,40.7,51.75,47.5,59.5,96.7,52.2,64.0,21.8,77.8,49.8,86.4,55.7,100.0,80.7,B
20140429,EZU,4.04412,4.98,5.5,2.4,2.8,2.93,4.98,5.46308,49.6,79.1,75.6,59.7,68.3,0.0,62.2,47.0,35.1,51.7,33.2,33.8,52.4,34.1,38.4,38.4,76.0,57.2,91.5,43.9,100.0,78.5,C
20140429,EWRS,4.14397,4.22,5.94,1.62,3.78,5.44,2.25,5.84154,50.7,42.4,37.0,62.7,50.9,50.0,35.6,69.4,52.5,51.7,37.1,46.6,41.2,45.0,42.5,49.6,83.8,66.7,41.3,62.1,88.8,64.0,C
20140429,MATH,4.0526,3.78,1.64,5,4.03,5,7.4,0,,63.3681,56.6015,58.2085,58.75832,50,70.4489,16.873,44.54022,51.64927,,,,,,,,,,,,,
20140429,VIS,4.04996,4.71,6.72,1.4,2.45,4.55,2.98,6.58462,55.2,54.8,67.0,75.1,68.6,0.0,59.3,48.2,34.7,51.65,45.4,47.2,66.7,43.2,50.6,82.4,86.0,84.2,59.1,26.0,92.5,59.2,B
20140429,VXF,3.83986,5.03,6.42,1.66,2.8,4.05,2.02,5.00154,46.8,43.8,37.9,65.4,52.8,50.0,35.6,63.4,50.4,51.6,37.5,49.2,43.0,4.3,33.5,40.2,83.4,61.8,69.0,36.6,92.5,66.0,C
20140429,SPHQ,1.82506,2.55,1.45,1.38,4.09,4.91,3.19,3.85231,43.6,73.0,73.0,76.7,74.8,50.0,9.7,22.5,28.3,51.55,4.5,4.5,43.2,32.1,21.1,52.6,86.2,69.4,51.8,79.6,97.0,76.1,D
20140429,MUB,3.92033,6.29,3.32,5,3,5,2.16,0,,67.2117,80.2932,72.4756,73.7681,40.2827,43.7032,6.1889,29.37602,51.57206,,,,,,,,,,,,,
20140429,TDN,5.69223,3.7,4.4,5,6.33,5,5.89,0,,32.671,56.0369,62.5299,54.61022,50,75.4364,23.6482,48.40779,51.509005,,,,,,,,,,,,,
20140429,EWRI,3.26869,3.35,4.33,1.63,4.1,5.29,2.43,4.96462,47.4,60.1,64.5,76.0,69.4,50.0,6.4,40.6,33.6,51.5,37.1,34.5,2.7,58.4,33.2,50.1,83.7,66.9,44.3,71.7,88.8,68.3,C
20140429,IWV,3.25676,4.45,6.23,1.68,2.36,3.83,1.94,6.90308,55.5,66.1,66.0,73.4,69.7,50.0,0.1,44.6,33.1,51.4,52.5,67.0,54.1,43.8,54.3,43.9,83.2,63.5,73.5,30.7,100.0,68.0,B
20140429,PBE,4.51014,5.15,5.7,1.38,4.21,4.02,3.43,7.29538,57.9,57.7,37.9,63.3,54.6,50.0,0.1,87.9,48.3,51.45,33.4,98.5,2.0,100.0,58.5,27.0,86.2,56.6,69.7,83.2,97.0,83.3,B
20140429,NINI,6.30088,4.76,8.88,5,3.53,5,4.03,0,,40.7362,32.7253,30.4452,33.18743,50,88.9027,72.8339,69.662675,51.4250525,,,,,,,,,,,,,
20140429,FXE,4.76781,5.73,4.37,5,3.38,5,3.97,0,,42.5733,61.7698,66.4169,60.25405,82.6855,35.5985,8.4039,42.56084,51.407445,,,,,,,,,,,,,
20140429,VPL,3.05452,3.69,4.98,1.55,2.82,3.21,4.2,6.94923,55.8,60.6,66.9,58.7,61.5,50.0,39.0,34.5,41.3,51.4,59.5,61.5,66.5,31.6,54.8,37.3,84.5,60.9,85.8,37.1,92.5,71.8,B
20140429,IYJ,3.64919,4.67,6.48,1.42,2.6,3.33,2.94,7.30923,59.6,53.6,63.1,72.2,65.8,50.0,9.7,47.4,37.0,51.4,53.8,48.6,63.2,69.0,58.7,77.6,85.8,81.7,83.5,37.9,100.0,73.8,B
20140429,IPD,4.71941,4.53,4.94,2.46,3.1,5.95,5.46,6.17846,49.3,58.1,45.3,62.9,56.7,50.0,25.9,59.2,46.0,51.35,45.3,66.3,30.8,43.8,46.5,8.6,75.4,42.0,31.0,50.0,97.0,59.3,C
20140429,AGZD,2.82108,5.34,0.56,5,3.35,5,3.19,0,,60.1498,83.0076,83.2899,78.57719,50,19.2643,2.0847,24.008935,51.2930625,,,,,,,,,,,,,
20140429,DBBR,8.18258,6.94,5.11,10,6.03,6.92,5.12,6.25692,41.2,46.6,21.8,20.1,25.9,50.0,84.9,96.4,76.7,51.3,47.8,0.0,41.6,100.0,47.4,0.0,0.0,0.0,11.6,41.0,0.0,17.6,D
20140429,GML,7.00158,7.32,7.01,3.61,2.8,6.31,6.04,7.99231,57.5,78.8,62.8,60.5,64.9,50.0,0.1,57.7,37.7,51.3,57.5,57.9,97.5,51.9,66.2,37.9,63.9,50.9,23.9,40.9,97.0,53.9,B
20140429,IYY,3.32496,4.59,5.76,1.53,2.41,4.58,1.93,7.07846,55.9,68.6,67.5,74.0,71.0,50.0,0.1,40.2,31.6,51.3,54.1,67.3,54.1,49.5,56.3,44.8,84.7,64.7,58.5,32.2,100.0,63.6,B
20140429,VGSH,1.74741,4.99,0.13,5,3.25,5,0.59,0,,75.6417,67.3507,59.316,64.99155,50,66.2095,0.456,37.52245,51.257,,,,,,,,,,,,,
20140429,PGHY,2.4539,4.54,0.38,5,3.1,5,3.7,0,,67.1205,62.8773,81.7481,73.16134,50,25.5611,11.7915,29.295355,51.2283475,,,,,,,,,,,,,
20140429,VSPY,4.48106,4.11,5.3,5,3.25,5,4.13,0,,73.2834,68.6102,67.8284,69.15394,50,16.3965,30.9446,33.24956,51.20175,,,,,,,,,,,,,
20140429,VSS,5.43278,6.15,6.51,3.81,3.11,4.18,4.37,5.53231,47.6,64.0,68.8,72.6,69.7,0.0,66.2,36.4,32.6,51.15,30.9,41.2,33.8,52.8,39.7,27.7,61.9,44.8,66.4,45.9,92.5,68.3,C
20140429,EEMV,3.24576,4.38,4.17,2.94,3.24,3.7,3.27,7.96923,59.9,61.7,73.4,60.9,64.8,50.0,19.3,40.7,37.5,51.15,55.0,44.5,65.0,100.0,66.1,33.0,70.6,51.8,76.0,57.1,100.0,77.7,B
20140429,IWB,3.00053,4.24,5.97,1.54,2.48,3.58,1.83,6.88923,55.8,71.8,69.3,75.0,72.7,0.0,51.1,40.8,29.6,51.15,52.5,67.0,54.1,44.1,54.4,44.8,84.6,64.7,78.4,34.4,100.0,70.9,B
20140429,KNOW,5.00065,3.51,6.06,2.54,3.57,6.14,5.42,3.75538,40.5,48.5,62.3,72.7,64.7,50.0,23.0,37.4,37.5,51.1,0.0,32.1,0.0,50.0,20.5,41.6,74.6,58.1,27.3,59.7,92.5,59.8,D
20140429,DTYL,5.93503,5.48,4.91,5,3.53,5,7.58,0,,51.2899,61.3138,57.9479,57.62607,50,70.4489,17.0033,44.585825,51.1059475,,,,,,,,,,,,,
20140429,JNK,4.03528,6.68,1.68,5,3.1,5,4.32,0,,54.1694,39.5983,35.6895,40.55812,98.5866,84.8504,4.8208,61.64771,51.102915,,,,,,,,,,,,,
20140429,IPK,4.54141,4.17,4.59,2.1,2.85,6.81,5.56,6.04462,50.0,36.2,55.5,63.4,55.6,50.0,35.6,52.6,46.6,51.1,52.5,46.8,46.8,35.0,45.3,48.9,79.0,63.9,13.8,42.5,97.0,51.1,C
20140429,PFI,4.18915,3.75,4.7,1.69,3.73,6.16,4.29,2.79538,36.0,42.3,36.7,59.4,49.2,50.0,43.7,64.0,53.0,51.1,2.2,0.0,4.0,34.0,10.1,19.9,83.1,51.5,26.8,68.9,97.0,64.2,D
20140429,GRES,5.01151,6.83,2.48,1.56,3.78,5.69,6.46,4.85846,44.8,66.9,62.6,61.5,62.9,50.0,39.0,28.7,39.2,51.05,1.3,35.2,35.2,58.4,32.5,50.3,84.4,67.3,36.2,37.5,64.0,45.9,D
20140429,EU,5.51206,5.72,6.32,5,3.35,5,3.8,0,,27.2378,29.4788,27.481,28.0317,50,79.9875,93.0293,74.056505,51.0441025,,,,,,,,,,,,,
20140429,EWHS,5.49696,5.93,5.39,2.38,2.92,6.74,5.06,5.16308,44.1,39.1,59.6,58.0,54.7,50.0,8.9,77.8,47.4,51.05,3.7,45.4,49.0,45.0,35.8,3.6,76.2,39.9,15.2,47.5,100.0,54.2,D
20140429,PSCT,3.60106,4.8,6.18,1.42,3.47,3.97,1.05,3.82,43.7,35.0,35.1,61.2,48.1,50.0,32.9,75.8,53.9,51,1.3,44.8,0.0,39.3,21.3,56.2,85.8,71.0,70.6,61.2,97.0,76.3,D
20140429,XHE,4.53505,4.3,6.34,1.47,4.33,5.9,1.73,4.82154,46.0,40.0,34.3,58.4,47.5,50.0,46.9,65.3,54.4,50.95,4.2,31.9,31.9,60.7,32.2,25.0,85.3,55.1,32.0,86.9,97.0,72.0,C
20140429,RKH,5.70934,4.8,7.37,1.66,3.89,6.55,3.67,6.23385,50.0,57.0,61.4,62.2,60.9,50.0,9.7,58.7,41.0,50.95,38.6,40.9,43.2,67.1,47.5,15.0,83.4,49.2,19.1,64.6,88.0,57.2,C
20140429,IBND,2.76225,3.97,1.51,5,3.1,5,3.99,0,,53.2964,71.2812,72.6493,68.36829,50,38.9651,12.2476,33.47619,50.92224,,,,,,,,,,,,,
20140429,GYLD,3.95192,4.08,1.13,5,4.95,5,5.96,0,,65.9348,78.6428,73.5396,73.5496,50,25.8728,8.6645,28.294415,50.9220075,,,,,,,,,,,,,
20140429,FAD,4.44908,4.44,5.05,1.53,3.81,6.16,3.65,6.39077,52.5,47.1,38.3,64.3,53.1,50.0,23.0,69.6,48.8,50.95,52.5,54.2,58.5,31.6,49.2,44.1,84.7,64.4,26.9,63.7,89.5,60.0,C
20140429,CNY,2.74136,3.67,1.31,5,3.4,5,4.21,0,,61.2183,68.1976,56.8621,61.13399,50,54.8005,19.1531,40.643735,50.8888625,,,,,,,,,,,,,
20140429,SILJ,7.45954,7.71,5.12,5,5.25,6.14,5.76,6.22923,48.0,56.9,23.7,22.6,29.8,50.0,84.9,82.9,72.0,50.9,31.6,3.4,55.0,100.0,47.5,50.0,50.0,50.0,27.3,50.0,32.5,36.6,C
20140429,ASEA,4.372,4.56,2.37,2.4,4.38,5.83,6.24,8.59692,60.6,62.8,74.9,60.4,65.3,50.0,13.6,42.4,36.4,50.85,63.1,67.8,61.9,100.0,73.2,24.8,76.0,50.4,33.5,68.2,76.8,59.5,B
20140429,ACWV,2.22499,2.95,2.9,1.65,3.09,4.54,3.62,5.98923,51.6,87.6,80.1,73.6,78.4,0.0,59.3,15.6,23.2,50.8,0.0,40.0,40.0,100.0,45.0,40.9,83.5,62.2,59.2,52.6,100.0,70.6,C
20140429,SCHA,3.28454,4.43,5.79,1.52,3.83,3.47,0.96,5.42154,49.5,40.0,36.9,64.2,51.1,50.0,35.6,63.6,50.4,50.75,33.5,47.6,4.7,69.8,38.9,42.6,84.8,63.7,80.7,55.4,80.5,72.2,C
20140429,QMN,2.32946,2.96,0.34,1.36,3.27,5.99,6.25,5.57846,44.9,54.5,61.9,77.9,68.4,50.0,43.7,7.0,33.1,50.75,31.2,0.0,31.2,100.0,40.6,3.6,86.4,45.0,30.3,22.0,64.0,38.8,D
20140429,IDHB,4.84073,5.22,4.71,1.96,4.52,5.94,3.36,2.81385,37.8,33.1,53.6,68.7,57.0,50.0,6.4,71.5,44.4,50.7,2.2,2.2,2.2,36.1,10.7,36.1,80.4,58.3,31.3,92.5,97.0,73.6,D
20140429,QINC,5.90992,5,5,5,3.35,7.5,5.83,0,,50,50,50,50,50,54.8005,50,51.44015,50.720075,,,,,,,,,,,,,
20140429,IEIS,5.3981,5,5,5,3,7.5,4.48,0,,50,50,50,50,50,54.8005,50,51.44015,50.720075,,,,,,,,,,,,,
20140429,YPRO,5.93797,5,5,5,4.03,5,7.42,0,,50,50,50,50,50,54.8005,50,51.44015,50.720075,,,,,,,,,,,,,
20140429,SIPE,4.32382,5,5,5,3.1,5,2.91,0,,50,50,50,50,50,54.8005,50,51.44015,50.720075,,,,,,,,,,,,,
20140429,GSMA,5.86416,4.94,4.42,5,3.95,7.5,5.71,0,,70.5081,50.7275,50.4235,54.53162,50,19.2643,67.4919,46.901455,50.7165375,,,,,,,,,,,,,
20140429,BAB,2.36171,3.85,1.05,5,3.1,5,3.39,0,,67.6417,76.9707,69.5657,71.4024,50,29.5511,10.228,29.94513,50.673765,,,,,,,,,,,,,
20140429,GMF,5.19193,4.67,6.51,3.5,2.75,4.52,6.05,8.37077,60.5,55.9,64.4,61.3,61.2,50.0,25.9,42.6,40.2,50.7,62.6,66.5,98.8,55.8,70.9,40.7,65.0,52.9,59.6,39.6,97.0,65.4,B
20140429,EMDG,6.98962,5,6.69,5,3.88,7.5,6.44,0,,40.7101,65.0706,47.9479,51.63715,50,46.8828,51.6612,49.64626,50.641705,,,,,,,,,,,,,
20140429,BSJG,2.1508,3.45,0.19,5,3.38,5,4.1,0,,60.5407,74.734,79.7068,74.38174,50,29.5511,1.1726,26.77574,50.57874,,,,,,,,,,,,,
20140429,JKK,5.35574,5.54,7.8,1.43,3.83,6.09,1.27,7.29077,57.0,41.2,35.9,57.6,47.8,50.0,39.0,69.1,53.4,50.6,60.1,67.8,50.4,58.9,59.3,40.7,85.7,63.2,28.2,74.9,100.0,67.7,B
20140429,JJN,6.59558,6.05,7.65,5,3.53,5,5.01,0,,45.1531,32.6384,27.6873,32.66579,50,88.9027,69.4463,68.477015,50.5714025,,,,,,,,,,,,,
20140429,GCC,4.95886,6.52,2.47,5,4.75,5,4.26,0,,64.4495,48.1542,45.9826,50.32746,50,88.9027,18.7622,50.73758,50.53252,,,,,,,,,,,,,
20140429,DWAQ,6.58165,5.81,8.15,5,3.1,5,5.22,0,,25.2052,29.6526,48.8925,38.38307,50,50,86.1889,62.666115,50.5245925,,,,,,,,,,,,,
20140429,RYJ,4.35654,4.04,4.58,1.55,4.84,5.3,3.92,5.30615,48.8,38.7,36.9,65.9,51.7,50.0,32.9,62.1,49.1,50.4,36.5,59.6,2.3,53.5,38.0,33.6,84.5,59.1,44.1,94.0,88.8,75.6,C
20140429,HYD,2.58,3.84,1.14,5,3.4,5,3.62,0,,77.9088,64.5603,62.0521,65.9759,50,46.9451,9.316,34.84413,50.410015,,,,,,,,,,,,,
20140429,SCHZ,2.33967,4.13,0.72,5,3.65,5,2.55,0,,84.1759,77.7742,66.1346,73.23474,50,29.5511,3.4528,27.57381,50.404275,,,,,,,,,,,,,
20140429,FYC,3.93928,3.6,4.93,1.44,4.08,5.51,3.51,8.55538,62.6,37.4,51.9,57.4,51.8,50.0,19.3,73.6,49.0,50.4,36.8,98.5,57.4,100.0,73.2,43.9,85.6,64.7,39.8,71.9,89.5,67.1,B
20140429,SLY,4.11861,4.04,7.01,1.43,3.57,5.17,1.48,5.59231,50.0,34.4,52.9,62.1,53.8,50.0,39.0,50.4,46.8,50.3,31.5,54.5,41.5,37.5,41.2,43.0,85.7,64.4,46.7,64.1,97.0,69.3,C
20140429,PZD,5.33273,5.96,5.08,1.89,3.61,5.44,5.37,6.00769,51.9,37.5,37.2,68.1,52.7,50.0,46.9,46.6,47.9,50.3,41.5,39.8,38.0,63.5,45.7,53.3,81.1,67.2,41.2,65.4,97.0,67.9,C
20140429,VNQI,4.51637,4.8,4.34,5,3.25,5,4.68,0,,73.4788,75.2552,60.4669,67.50577,50,16.6459,30.2932,33.09639,50.30108,,,,,,,,,,,,,
20140429,TAN,8.76658,8.47,9.11,5.18,4.03,3.48,7.82,4.23538,43.3,16.1,20.0,30.4,24.4,51.6,88.9,89.8,76.2,50.3,40.9,0.0,0.0,65.0,26.5,44.1,48.2,46.2,80.4,69.5,88.8,79.5,D
20140429,MOAT,2.53678,2.31,2.01,1.86,4.94,4.19,4.51,5.07538,50.0,48.4,72.8,78.5,70.8,50.0,19.3,18.6,29.8,50.3,0.0,42.5,0.0,100.0,35.6,63.7,81.4,72.6,66.2,96.3,88.0,83.5,C
20140429,PAGG,4.84981,6.58,3.76,2.81,2.87,4.7,6.07,8.04769,59.5,69.8,72.3,65.0,68.1,50.0,16.6,28.1,32.3,50.2,44.0,60.4,67.2,100.0,67.9,43.2,71.9,57.6,56.1,43.1,97.0,65.4,B
20140429,IPF,5.7439,6.01,4.86,5,3.1,6.47,5.32,3.63077,38.7,59.4,38.8,31.1,39.1,50.0,43.7,87.9,61.4,50.25,3.6,2.2,36.6,37.5,20.0,50.0,50.0,50.0,20.7,50.0,97.0,55.9,D
20140429,KBWP,2.6366,1.24,3.14,4.48,3.97,6.2,2.91,5.19077,45.0,75.7,79.8,70.1,74.1,50.0,6.4,19.5,26.2,50.15,39.1,47.8,3.9,57.1,37.0,15.0,55.2,35.1,26.0,76.1,97.0,66.4,D
20140429,SLYG,4.58017,4.76,7.74,1.41,3.43,5.03,1.37,6.15077,52.2,34.9,35.4,60.8,48.0,50.0,46.9,59.2,52.3,50.15,38.2,68.4,48.6,34.4,47.4,39.9,85.9,62.9,49.5,59.8,97.0,68.8,C
20140429,IGOV,3.92123,4.97,4.04,5,3,5,3.07,0,,42.7948,68.8708,52.9425,55.69145,50,79.9875,8.7296,44.55161,50.12153,,,,,,,,,,,,,
20140429,PSCC,2.26842,3.16,3.93,1.38,3.66,4.35,1.38,5.60154,52.3,48.5,62.2,71.5,64.1,50.0,6.4,47.8,36.1,50.1,30.2,68.4,0.0,67.3,41.5,75.0,86.2,80.6,63.1,66.9,97.0,75.7,C
20140429,RSCO,5.05565,5.8,6.58,1.75,3.03,6.11,2.64,6.19231,51.1,24.5,21.8,46.6,34.8,50.0,88.9,60.6,65.4,50.1,50.0,50.0,50.0,41.6,47.9,40.7,82.5,61.6,27.8,47.9,97.0,57.6,C
20140429,PIZ,5.15879,5.55,4.54,2.29,4.02,3.98,6.81,5.40308,49.2,45.5,39.7,65.9,54.0,50.0,32.9,53.7,46.1,50.05,30.4,61.5,32.5,33.4,39.4,27.5,77.1,52.3,70.5,77.6,97.0,81.7,C
20140429,FYT,3.14462,2.52,4.37,1.43,4.09,4.84,3.73,5.33846,49.2,32.4,53.1,68.3,56.6,50.0,35.6,43.6,43.5,50.05,33.5,40.7,30.7,50.0,38.7,46.0,85.7,65.8,53.3,72.1,89.5,71.6,C
20140429,FNY,3.59754,3.58,4.12,1.48,4.11,5.48,3.45,6.94923,55.7,41.4,37.0,62.2,50.5,50.0,39.0,58.1,49.5,50,55.0,52.1,59.3,58.4,56.2,43.6,85.2,64.4,40.4,72.9,89.5,67.6,B
20140429,DXJR,5.44326,5,5,5,3.35,7.5,4.12,0,,50,50,50,50,50,50,50,50,50,,,,,,,,,,,,,
20140429,GLDL,6.13708,5,5,5,3.25,7.5,6.81,0,,50,50,50,50,50,50,50,50,50,,,,,,,,,,,,,
20140429,DXJH,5.44326,5,5,5,3.35,7.5,4.12,0,,50,50,50,50,50,50,50,50,50,,,,,,,,,,,,,
20140429,GLDS,6.13708,5,5,5,3.25,7.5,6.81,0,,50,50,50,50,50,50,50,50,50,,,,,,,,,,,,,
20140429,BSCJ,2.09183,3.74,0.35,5,3.38,5,3.21,0,,63.8371,66.1564,69.0011,67.11489,50,46.9451,3.6482,32.8604,49.987645,,,,,,,,,,,,,
20140429,VYM,1.88254,3.31,4.46,1.47,2.29,3.08,2.24,6.26154,53.1,77.4,80.7,78.1,78.7,0.0,43.7,23.0,21.2,49.95,30.7,69.3,59.1,36.3,48.8,51.9,85.3,68.6,88.5,21.1,92.5,67.4,C
20140429,RXI,4.58082,5.61,6,1.63,2.98,4.14,4.16,5.54154,48.2,50.9,41.2,64.2,54.7,50.0,25.9,56.9,45.2,49.95,42.8,50.0,36.1,35.0,41.0,7.8,83.7,45.8,67.2,49.5,100.0,72.2,C
20140429,BUND,5.51762,5.25,6.26,5,3.65,5,4.18,0,,56.6059,61.5744,47.0793,53.33315,50,13.591,71.2052,46.49912,49.916135,,,,,,,,,,,,,
20140429,HAP,4.93875,6.27,4.83,2.03,2.86,5.27,5.08,6.66308,54.2,79.9,78.6,70.9,75.0,50.0,0.1,20.7,24.8,49.9,36.8,46.8,61.4,67.8,53.2,68.5,79.7,74.1,44.7,33.7,88.0,55.5,C
20140429,PSK,3.47714,4.66,1.86,3.81,3.76,4.6,5.03,6.08615,50.0,89.6,66.5,74.1,74.9,50.0,16.6,6.6,24.8,49.85,50.0,50.0,50.0,38.1,47.0,13.8,61.9,37.8,58.0,69.9,97.0,75.0,C
20140429,IVOG,4.4851,4.81,6.96,1.51,3.74,5.16,1.47,5.73538,50.4,45.2,38.0,63.5,52.2,50.0,29.6,60.4,47.5,49.85,37.0,35.4,35.4,65.0,43.2,43.3,84.9,64.1,46.8,64.7,92.5,68.0,C
20140429,HEVY,5.95887,4.81,8.01,5,3.53,5,4.02,0,,56.3192,38.8599,6.6667,26.25516,50,79.9875,90.7492,73.25847,49.756815,,,,,,,,,,,,,
20140429,TZV,2.97512,3.36,3.43,5,3,5,2.95,0,,49.2704,63.7894,70.5429,64.26235,50,32.8554,22.4756,35.22308,49.742715,,,,,,,,,,,,,
20140429,NGE,5.41077,6.9,2.42,5,3.78,6.17,5.72,7.50769,55.0,49.7,44.6,38.7,42.7,50.0,46.9,72.1,56.8,49.75,50.0,50.0,50.0,100.0,62.5,50.0,50.0,50.0,26.6,50.0,76.8,51.1,B
20140429,PHDG,2.81214,3.94,1.75,5,3.1,5,3.85,0,,38.1433,52.7796,52.1824,49.55374,50,88.9027,16.3518,49.89394,49.72384,,,,,,,,,,,,,
20140429,IPW,6.10068,6.49,5.43,5,3.1,6.66,4.86,5.48154,46.6,58.5,32.8,27.6,35.3,50.0,66.2,76.4,64.1,49.7,35.9,31.5,57.6,37.5,40.6,50.0,50.0,50.0,16.8,50.0,97.0,54.6,C
20140429,AOM,2.27526,4.04,1.09,5,3,5,2.87,0,,72.5016,71.2161,72.4321,72.0812,50,19.2643,11.4007,27.269535,49.6753675,,,,,,,,,,,,,
20140429,RPG,3.85467,5.07,5.85,1.65,4.11,3.49,1.48,6.30308,53.7,48.3,39.2,68.4,55.6,50.0,0.1,74.5,43.6,49.6,53.0,59.1,48.8,37.5,49.6,36.5,83.5,60.0,80.2,72.0,88.8,80.3,C
20140429,DWAS,4.69334,4.69,5.59,1.38,4.07,3.97,5.22,5.58308,51.2,37.2,34.5,71.5,53.5,50.0,0.1,80.4,45.7,49.6,38.1,46.0,38.1,45.0,41.8,42.7,86.2,64.4,70.7,79.2,97.0,82.3,C
20140429,MBB,2.88643,4.89,2.13,5,3,5,2.27,0,,72.671,74.3865,64.6363,69.1683,50,35.5985,5.0814,29.95804,49.56317,,,,,,,,,,,,,
20140429,MUNI,2.77552,4.36,0.8,5,3.65,5,3.7,0,,53.2313,74.4734,67.3507,66.66363,50,38.9651,9.1857,32.404525,49.5340775,,,,,,,,,,,,,
20140429,EFG,4.1147,5.27,5.85,1.74,2.68,3.98,3.74,6.04,51.5,75.6,71.9,68.2,70.8,50.0,6.4,25.3,28.3,49.55,42.8,53.9,56.2,34.4,46.8,37.1,82.6,59.8,70.4,40.3,100.0,70.2,C
20140429,ARGT,7.10021,7.1,5.73,4.02,3.88,6.38,6.74,5.05692,45.2,48.0,38.9,14.1,28.3,50.0,88.9,75.8,70.7,49.5,2.7,43.9,39.9,58.4,36.2,57.0,59.8,58.4,22.5,53.2,76.8,50.8,C
20140429,PSCD,3.34163,3.69,5.97,1.59,3.55,4.42,1.44,3.86615,41.0,45.2,53.5,61.5,55.8,50.0,13.6,61.8,43.2,49.5,1.3,43.4,0.0,48.4,23.3,4.9,84.1,44.5,61.7,63.5,97.0,74.1,D
20140429,GDXJ,7.52337,8.93,8.53,1.64,3.72,2.88,6.28,6.31231,54.1,43.8,26.8,20.2,26.9,56.9,66.2,92.2,72.1,49.5,33.4,50.5,65.2,50.0,49.8,43.5,83.6,63.6,92.5,59.6,88.0,80.0,C
20140429,HYMB,2.81012,3.31,2.02,5,3.1,5,4.37,0,,81.7264,66.0803,73.9957,73.16722,50,16.6459,9.1205,25.685945,49.4265825,,,,,,,,,,,,,
20140429,USO,5.96793,5.87,6.69,5,3.95,5,3.8,0,,19.8762,28.4799,30.3257,27.68206,78.0919,88.9027,48.9902,71.149545,49.4158025,,,,,,,,,,,,,
20140429,URA,7.14084,8.69,7.06,2.33,3.63,3.93,6.18,5.28308,48.2,0.2,16.8,19.1,14.6,94.0,75.4,81.8,84.1,49.35,33.4,32.4,31.1,58.4,38.8,53.5,76.7,65.1,71.4,45.7,76.8,64.6,C
20140429,DWX,5.16854,5.4,6.12,5,3.1,3.79,4.92,4.44769,44.0,62.0,47.6,39.6,46.5,50.0,80.0,30.7,52.3,49.4,0.0,42.6,39.8,36.5,29.7,50.0,50.0,50.0,74.3,50.0,97.0,73.8,D
20140429,TENZ,5.15492,5.17,6.3,5,3.65,5,2.91,0,,46.8599,63.4419,56.5581,56.6836,50,66.2095,13.2248,41.99153,49.337565,,,,,,,,,,,,,
20140429,CNDA,7.83687,7.87,7.29,1.46,4.71,7.05,5.31,5.35692,46.9,54.3,36.2,30.5,37.0,50.0,35.2,96.0,61.7,49.35,4.0,44.8,44.8,65.0,39.6,47.8,85.4,66.6,9.1,65.4,64.0,46.2,C
20140429,IJJ,4.02314,4.36,6.75,1.62,3.58,3.88,2.22,5.13077,48.9,51.4,63.0,73.9,66.1,50.0,9.7,34.4,32.5,49.3,31.2,42.0,45.1,30.4,37.2,42.2,83.8,63.0,72.4,67.5,100.0,80.0,C
20140429,EWZS,6.19311,7.17,4.27,4.15,3.44,5.94,6.53,6.04462,48.3,36.8,37.4,20.1,28.7,50.0,84.9,77.0,69.9,49.3,50.6,36.1,65.7,36.1,47.1,6.6,58.5,32.6,31.2,63.3,100.0,64.8,C
20140429,LEDD,6.52938,4.6,9.6,5,3.53,5,4.03,0,,38.8208,32.215,23.5071,29.18221,50,59.2893,97.3941,69.374725,49.2784675,,,,,,,,,,,,,
20140429,QABA,3.78216,3.58,5.45,1.38,3.43,4.22,4.49,4.95077,45.8,30.3,50.2,58.2,50.2,50.0,39.0,54.1,48.1,49.15,57.0,46.9,2.0,35.7,35.4,14.9,86.2,50.6,65.7,52.3,89.5,69.2,C
20140429,FXG,2.54506,3.23,2.77,1.62,4,3.59,4.16,4.17538,46.0,51.4,63.1,74.7,66.6,50.0,13.6,29.1,31.7,49.15,31.7,3.0,36.6,36.8,27.0,68.0,83.8,75.9,78.2,69.5,89.5,79.0,C
20140429,GURU,4.02471,3.94,2.91,2.1,5.2,3.87,5.98,5.78615,51.5,50.1,40.1,64.4,54.3,50.0,9.7,67.6,44.1,49.2,2.5,35.0,40.0,100.0,44.4,40.7,79.0,59.8,72.7,92.8,76.8,80.7,C
20140429,KWT,8.83948,8.26,9.35,4.14,3.67,5.65,6.93,6.19692,50.8,23.1,21.0,31.5,26.7,50.0,75.4,90.0,71.6,49.15,38.4,54.4,2.6,100.0,48.9,51.2,58.6,54.9,37.0,58.0,88.0,61.0,C
20140429,RUDR,7.7074,3.33,8.98,5,3.9,9.99,5.61,6.29846,48.8,40.1,50.0,78.7,62.4,50.0,61.5,0.0,35.9,49.15,50.0,50.0,50.0,50.0,50.0,50.0,50.0,50.0,0.2,50.0,73.0,41.1,C
20140429,SMIN,6.42121,6.6,4.82,5.38,3.36,6.92,5.95,4.45231,39.9,67.5,32.4,28.9,37.6,50.0,50.0,80.5,60.7,49.15,0.0,55.0,0.0,65.0,30.0,3.3,46.2,24.8,11.7,60.7,100.0,57.5,D
20140429,CORP,3.78898,5.16,2.85,5,3.65,5,3.11,0,,53.0228,73.3876,57.6873,61.46449,50,54.8005,8.2085,36.813125,49.1388075,,,,,,,,,,,,,
20140429,TNDQ,4.53363,3.09,3.2,5,4.23,5.21,7.33,7.44769,54.9,73.5,42.0,68.0,61.3,50.0,19.3,38.9,36.9,49.1,50.0,50.0,50.0,100.0,62.5,50.0,50.0,50.0,45.8,50.0,63.2,53.0,C
20140429,FXA,5.05671,5.94,4.87,5,3.38,5,3.96,0,,44.0586,65.7003,57.6439,57.34376,87.2792,19.2643,12.8339,40.818875,49.0813175,,,,,,,,,,,,,
20140429,TFI,1.98249,4.11,0.69,5,3.1,5,2.16,0,,56.4104,80.3366,72.2367,71.50141,50,23.005,6.3192,26.61322,49.057315,,,,,,,,,,,,,
20140429,JJG,6.43367,6.82,6.66,5,3.53,5,4.76,0,,88.9707,64.8643,76.1021,75.30448,0,9.7257,56.8078,22.80044,49.05246,,,,,,,,,,,,,
20140429,SPYG,3.73702,4.46,5.89,1.56,2.86,5.43,1.88,6.75077,54.1,49.3,32.8,38.9,39.1,50.0,75.4,53.8,59.0,49.05,54.5,61.8,53.8,50.0,55.0,43.7,84.4,64.1,41.4,42.9,97.0,60.4,C
20140429,CZA,3.62549,3.12,4.22,1.95,4.14,5.83,3.48,6.44615,52.9,44.2,63.7,72.8,64.4,50.0,9.7,38.0,33.7,49.05,3.1,98.1,36.9,68.8,51.7,40.9,80.5,60.7,33.4,72.9,88.8,65.0,C
20140429,CRUD,7.06507,5.46,7.9,5,4.68,5,5.52,0,,15.7199,22.291,22.139,20.90078,50,88.9027,94.2671,77.164295,49.0325375,,,,,,,,,,,,,
20140429,QLTA,2.57447,4.97,0.92,5,3,5,2.84,0,,50.2736,70.7166,70.3474,66.4434,50,38.9651,6.8404,31.58367,49.013535,,,,,,,,,,,,,
20140429,DXJ,3.13002,3.27,6.14,0.72,2.62,2.63,4.65,7.93231,61.0,46.3,27.6,23.2,29.1,74.2,80.0,53.9,68.8,48.95,61.1,54.0,60.0,96.7,67.9,48.0,92.8,70.4,97.4,28.2,89.5,71.7,B
20140429,PTH,4.38358,4.82,5.5,1.44,3.75,5.21,3.25,3.59846,40.5,49.9,39.5,56.1,49.9,50.0,0.1,86.9,47.9,48.9,0.0,40.4,0.0,43.8,21.0,23.2,85.6,54.4,45.9,69.4,97.0,70.8,D
20140429,BDG,7.13059,4.97,8.64,5,3.1,5,7.75,0,,55.1987,17.481,10.5972,21.58264,50,84.2893,95.57,76.23629,48.909465,,,,,,,,,,,,,
20140429,CRBQ,6.31036,6.79,4.37,5,5.15,5.91,4.44,7.52154,53.9,62.4,71.6,65.0,66.5,50.0,9.7,31.1,31.3,48.9,43.2,61.5,98.1,51.3,63.5,50.0,50.0,50.0,31.9,50.0,35.5,39.1,C
20140429,AGF,6.33218,5.36,7.34,5,3.1,5,6.19,0,,8.0652,13.8979,32.7796,22.17221,50,84.8504,93.2248,75.5838,48.878005,,,,,,,,,,,,,
20140429,ITF,5.08056,4.16,6.42,0.82,3.13,6.06,5.78,7.85846,59.2,78.8,62.2,54.3,61.6,50.0,0.1,53.0,36.1,48.85,63.0,96.4,66.0,43.4,67.2,42.0,91.8,66.9,28.8,54.0,100.0,60.9,B
20140429,FRI,3.63691,4.31,2.91,5,3.35,5,4.19,0,,61.1661,46.9381,40.9012,46.76525,50,79.9875,26.8404,50.89039,48.82782,,,,,,,,,,,,,
20140429,VEGA,4.28242,3.83,1.54,5,4.03,5.83,7.49,6.74615,51.7,71.7,70.4,73.1,72.0,50.0,9.7,14.9,25.6,48.8,54.1,33.4,33.4,100.0,55.2,50.0,50.0,50.0,33.4,50.0,69.2,50.9,C
20140429,MINT,3.13958,6.93,0.09,5,3.65,5,2.22,0,,50.4691,64.81,58.7514,58.91252,50,70.4489,0.2606,38.72588,48.8192,,,,,,,,,,,,,
20140429,FLOT,2.59503,5.68,0.1,5,3,5,3.07,0,,66.9251,73.1922,69.24,69.96268,50,32.8554,0.8469,27.653035,48.8078575,,,,,,,,,,,,,
20140429,SCIF,7.42731,6.99,6.83,5.76,3.8,4.5,7.58,6.14615,49.5,57.7,30.0,27.6,34.4,50.0,70.4,70.3,63.2,48.8,42.1,52.4,42.1,58.4,48.7,28.1,42.4,35.2,60.0,62.1,88.0,70.0,C
20140429,STPZ,3.1447,5.98,0.47,5,3.65,5,3.1,0,,53.987,72.8013,57.8393,61.55744,50,59.2893,2.0195,35.993615,48.7755275,,,,,,,,,,,,,
20140429,JJE,5.80402,5.94,5.58,5,3.53,5,5.4,0,,55.4984,45.8089,23.279,36.48185,50,84.8504,51.2704,60.89976,48.690805,,,,,,,,,,,,,
20140429,GUR,7.4001,8.43,7.02,4.86,2.84,5.28,6.16,8.60154,60.8,29.7,26.2,19.5,23.6,50.0,88.9,84.1,73.6,48.6,95.3,62.5,98.2,45.9,75.5,50.7,51.4,51.0,44.5,42.1,97.0,61.2,B
20140429,USMV,1,1.58,1.86,1.6,3.42,3.95,2.87,5.02,48.3,82.8,76.7,76.0,77.6,0.0,43.7,18.4,19.6,48.6,1.6,30.0,50.0,65.0,36.7,44.3,84.0,64.2,71.1,62.6,100.0,77.9,C
20140429,BRAF,6.64171,7.61,3.79,4.69,3.92,6.93,6.27,6.57538,49.2,20.5,23.3,28.1,25.1,50.0,88.9,79.4,72.0,48.55,54.8,43.2,61.6,55.0,53.6,17.9,53.1,35.5,11.4,54.4,76.8,47.5,C
20140429,IAK,3.83741,4.38,5.54,1.68,2.61,5.17,3.47,5.37077,46.7,46.6,38.1,34.7,38.1,50.0,75.4,53.7,58.9,48.5,39.2,4.3,53.4,65.6,40.6,14.4,83.2,48.8,46.7,38.4,100.0,61.7,C
20140429,EWN,3.49793,4.31,4.38,2.8,2.4,4.01,5,4.54,43.4,61.4,58.9,67.3,63.6,50.0,5.2,41.0,33.4,48.5,4.5,30.4,54.6,36.9,31.6,20.3,72.0,46.2,69.9,31.9,100.0,67.2,D
20140429,PGM,6.05735,5.99,6.76,5,3.53,5,4.48,0,,48.5537,29.2617,23.203,30.09075,50,59.2893,90.4235,66.935015,48.5128825,,,,,,,,,,,,,
20140429,CUPM,5.85428,5.03,7.54,5,3.53,5,4.01,0,,33.3876,30.4995,19.9674,25.81107,50,79.9875,84.886,71.20635,48.50871,,,,,,,,,,,,,
20140429,CHLC,5.83207,4.13,8.58,5,3.4,5,3.91,0,,36.0521,44.126,56.1889,48.54267,50,0.0623,88.4039,48.460055,48.5013625,,,,,,,,,,,,,
20140429,RJN,5.43221,6.13,2.41,5,4.15,5,7.57,0,,42.1563,39.62,34.7774,37.70596,50,88.9027,42.9316,59.19687,48.451415,,,,,,,,,,,,,
20140429,SMLV,3.5478,4.2,4.85,1.5,2.63,5.62,3.33,6.22923,51.3,42.6,53.3,75.7,62.4,50.0,9.7,40.0,34.4,48.4,50.0,50.0,50.0,50.0,50.0,41.2,85.0,63.1,37.6,35.9,97.0,56.8,C
20140429,ISTB,2.57702,5.35,0.61,5,3,5,2.74,0,,65.8697,66.4387,80.0543,73.1327,50,13.591,5.6677,23.560995,48.3468475,,,,,,,,,,,,,
20140429,GGBP,6.07618,5,5,5,4.03,7.5,5.42,0,,50,50,50,50,50,38.9651,50,46.68953,48.344765,,,,,,,,,,,,,
20140429,IJNK,4.63584,5,5,5,3.1,5,4.05,0,,50,50,50,50,50,38.9651,50,46.68953,48.344765,,,,,,,,,,,,,
20140429,GYEN,6.07756,5,5,5,4.03,7.5,5.43,0,,50,50,50,50,50,38.9651,50,46.68953,48.344765,,,,,,,,,,,,,
20140429,INR,5.7632,4.83,6.27,5,3.4,5,6.05,0,,50.1954,34.5168,26.7427,33.76547,50,88.9027,53.5505,62.913485,48.3394775,,,,,,,,,,,,,
20140429,RWO,5.05058,6.09,4.81,5,3.1,5,4.21,0,,63.5375,48.089,38.9902,46.6293,50,88.9027,16.6775,50.007935,48.3186175,,,,,,,,,,,,,
20140429,PLW,2.13199,3.98,1.28,5,3.1,5,2.01,0,,45.987,68.8274,60.684,60.18762,50,46.9451,13.7459,36.394595,48.2911075,,,,,,,,,,,,,
20140429,PRN,4.68025,4.21,6,5,3.1,4.86,4.02,4.17538,42.1,51.6,39.8,64.4,54.4,50.0,0.1,70.1,42.1,48.25,0.6,35.8,43.2,31.9,27.9,50.0,50.0,50.0,52.8,50.0,97.0,66.6,D
20140429,RZV,3.85094,3.7,6.63,1.39,4.07,4.33,1.71,6.25692,53.6,32.7,53.6,67.2,56.2,50.0,19.3,48.5,40.2,48.2,58.8,57.6,41.3,44.4,50.5,46.9,86.1,66.5,63.4,70.7,88.8,74.3,C
20140429,XSW,5.33206,4.44,6.86,1.49,4.48,5.53,3.79,4.72462,47.3,40.9,34.1,53.0,44.9,50.0,16.6,83.0,51.5,48.2,35.4,3.5,31.9,65.0,33.9,51.8,85.1,68.4,39.5,91.5,97.0,76.0,C
20140429,PRFZ,4.29924,4.85,7.25,1.76,3.5,3.53,2.15,5.26923,49.4,33.4,53.3,65.7,55.5,50.0,13.6,55.3,40.9,48.2,30.7,60.6,36.2,31.4,39.8,42.0,82.4,62.2,79.5,62.1,97.0,79.5,C
20140429,PSL,3.73571,3.36,3.9,1.5,4,6.02,4.23,4.80769,46.9,38.5,53.1,76.5,61.9,50.0,0.1,48.6,34.5,48.2,34.1,38.6,33.0,33.6,34.8,53.1,85.0,69.1,29.7,77.1,97.0,68.0,C
20140429,MBG,2.51182,4.86,0.5,5,3.1,5,3.25,0,,80.8534,73.9522,63.5939,70.15329,50,19.2643,8.2736,26.17505,48.16417,,,,,,,,,,,,,
20140429,RYT,4.69621,5.17,6.44,1.41,4.81,3.63,2.45,6.19692,54.8,44.0,38.7,69.7,55.3,50.0,0.1,67.2,41.0,48.15,46.4,53.1,38.5,61.5,49.9,53.9,85.9,69.9,77.5,93.1,88.8,86.5,C
20140429,GTAA,4.69158,6.18,0.82,5,4.03,5,7.36,0,,77.7264,74.6906,71.6721,73.78851,50,0.0623,14.2671,22.512175,48.1503425,,,,,,,,,,,,,
20140429,ONG,6.5276,4.4,9.72,5,3.53,5,4.14,0,,36.5016,30.9772,11.0749,22.13093,50,75.4364,97.1987,74.150465,48.1406975,,,,,,,,,,,,,
20140429,BARL,7.72912,4.33,9.78,5,5.03,5,6.3,0,,35.5896,37.481,37.0901,36.90727,50,23.005,99.8046,59.33311,48.12019,,,,,,,,,,,,,
20140429,BSJK,2.26599,3.66,0.25,5,3.38,5,4.11,0,,54.4691,71.3464,82.9207,73.75809,50,6.2344,8.5342,22.35729,48.05769,,,,,,,,,,,,,
20140429,WEAT,6.40941,6.08,4.39,5,4.68,5,7.46,0,,55.2638,24.5168,28.5885,32.70205,37.4558,70.4489,83.127,63.33865,48.02035,,,,,,,,,,,,,
20140429,RRF,6.63478,5.74,8.07,5,3.35,5,5.26,0,,41.7524,30.6298,8.8165,21.94767,50,79.4888,93.5505,74.089315,48.0184925,,,,,,,,,,,,,
20140429,ITE,2.07999,4.71,0.74,5,3.1,5,1.54,0,,44.9055,59.164,53.6916,53.5761,50,79.9875,2.671,42.4311,48.0036,,,,,,,,,,,,,
20140429,IVE,2.71025,3.82,5.55,1.42,2.59,3.22,2.28,7.59077,59.4,78.4,76.7,77.5,77.4,0.0,35.6,22.3,18.5,47.95,56.6,97.2,52.1,55.0,65.2,48.2,85.8,67.0,85.6,37.7,100.0,74.4,B
20140429,FTSD,7.5802,5.44,8.9,5,6.33,5,3.44,0,,36.6319,14.1151,47.481,35.30141,50,46.3217,83.2573,60.536565,47.9189875,,,,,,,,,,,,,
20140429,CMBS,2.64871,5.05,0.74,5,3,5,3.24,0,,74.3257,69.8046,61.3789,66.49597,50,25.8728,11.5309,29.297655,47.8968125,,,,,,,,,,,,,
20140429,AADR,5.40155,3.58,4.13,5,4.03,6.51,7.39,3.59385,37.6,45.9,64.2,66.9,61.9,50.0,19.3,30.2,33.8,47.85,31.6,0.0,2.2,54.1,22.0,50.0,50.0,50.0,19.8,50.0,69.2,46.3,D
20140429,FXS,5.54584,5.66,6.33,5,3.38,5,3.98,0,,76.0196,58.7296,55.8632,60.7544,50,0.0623,49.772,34.93889,47.846645,,,,,,,,,,,,,
20140429,EMDI,5.90495,5.84,6.41,2.33,2.86,6.33,5.68,6.81538,51.9,32.1,54.4,64.9,55.2,50.0,0.1,65.7,40.5,47.85,32.9,54.0,40.8,100.0,56.9,10.9,76.7,43.8,23.4,45.7,100.0,56.4,C
20140429,BWX,3.70868,5.16,2.44,5,3.1,5,4.26,0,,49.1661,69.1531,67.025,64.09165,50,35.5985,9.5114,31.50854,47.800095,,,,,,,,,,,,,
20140429,VIIZ,6.17021,5.28,5.94,5,3.9,5,6.63,0,,31.0293,50.6949,50.1303,46.47948,50,38.9651,56.873,49.09508,47.78728,,,,,,,,,,,,,
20140429,PFIG,2.03114,3.73,0.51,5,3.1,5,3.17,0,,61.531,69.4571,64.2671,65.27688,50,35.5985,5.7329,30.186065,47.7314725,,,,,,,,,,,,,
20140429,RYH,4.02067,3.66,6.09,1.41,4.85,3.91,2.44,4.59538,46.3,55.1,41.5,74.3,60.6,50.0,6.4,44.0,34.8,47.7,37.9,4.5,34.0,55.6,33.0,25.1,85.9,55.5,71.9,94.1,88.8,84.9,C
20140429,KBWD,2.80221,3.73,2.2,1.56,3.91,4.47,4.48,3.92154,42.2,31.1,51.4,55.8,49.5,50.0,80.0,12.4,45.9,47.7,32.7,2.2,32.7,35.0,25.7,17.7,84.4,51.0,60.6,74.3,97.0,77.3,D
20140429,QLTC,3.4202,4.77,1.82,5,3,5,4.87,0,,54.6384,67.4376,53.8111,58.06451,50,50,13.6808,37.28828,47.676395,,,,,,,,,,,,,
20140429,AAIT,4.08471,4.22,4.19,1.49,2.5,6.31,5.75,4.97846,46.0,37.8,58.2,64.5,57.3,50.0,13.6,47.0,38.0,47.65,2.6,2.6,43.4,100.0,37.2,50.5,85.1,67.8,23.9,35.1,100.0,53.0,C
20140429,SKYY,4.45832,5.19,4.74,1.49,4.16,3.51,5.16,6.21538,54.0,42.6,34.9,57.8,47.9,0.0,66.2,78.8,47.4,47.65,57.8,40.5,45.7,58.4,50.6,47.5,85.1,66.3,79.9,74.3,89.5,81.2,C
20140429,VGIT,2.62271,4.79,1.01,5,3.25,5,2.76,0,,45.7655,59.9674,54.5385,54.41257,50,70.4489,6.0586,40.75518,47.583875,,,,,,,,,,,,,
20140429,EDIV,5.85315,7.31,4.77,4.19,3.43,4.4,5.89,5.67077,48.9,49.2,44.5,24.9,35.6,50.0,75.4,55.4,59.5,47.55,42.5,61.8,42.5,32.1,44.8,35.6,58.1,46.8,62.1,59.9,97.0,73.0,C
20140429,QQEW,3.78476,4.88,4.24,1.58,4.86,3.12,3.2,6.60769,56.3,48.1,38.0,65.6,53.8,50.0,0.1,67.6,41.2,47.5,47.8,37.5,38.0,96.7,55.0,39.3,84.2,61.8,87.6,95.3,89.5,90.8,B
20140429,RFG,5.16538,5.9,7.57,1.43,4.15,4.66,1.33,7.16154,57.2,41.1,36.1,59.6,48.9,50.0,16.6,67.4,46.1,47.5,60.5,59.0,61.1,63.5,61.0,44.6,85.7,65.1,56.9,73.1,88.8,72.9,B
20140429,AXJS,5.46483,5.02,5.42,2.62,3.76,5.62,6.01,4.72923,44.1,43.8,61.2,63.1,58.6,50.0,16.6,38.8,36.1,47.35,34.5,37.5,2.1,65.0,34.8,11.4,73.8,42.6,37.6,72.8,100.0,70.1,D
20140429,BICK,6.64863,7.56,4.25,4.12,4.57,5.24,6.68,6.42308,52.5,29.1,30.5,29.3,29.6,50.0,70.4,75.4,65.0,47.3,47.5,56.2,68.8,40.4,53.2,39.8,58.8,49.3,45.3,86.6,89.5,73.8,C
20140429,DBS,5.88125,6.07,6.64,5,3.1,5,4.53,0,,37.3095,51.9544,51.6287,48.86257,50,51.1222,36.2215,45.514185,47.1883775,,,,,,,,,,,,,
20140429,JJC,6.09484,6.85,5.63,5,3.53,5,5.03,0,,41.8958,37.2747,18.9034,29.01327,88.6926,75.4364,33.355,65.34758,47.180425,,,,,,,,,,,,,
20140429,PHO,3.73353,4.51,3.95,1.46,3.5,3.89,5.35,5.62462,52.4,32.3,35.9,65.0,49.8,33.2,62.2,40.7,44.5,47.15,47.0,54.6,39.8,37.5,44.7,73.2,85.4,79.3,72.3,62.1,97.0,77.1,C
20140429,VIOO,4.0227,3.96,6.83,1.43,3.73,4.73,1.73,5.75846,50.8,37.0,53.3,64.7,55.7,50.0,6.4,54.7,38.5,47.1,38.8,42.2,38.8,65.0,46.2,42.3,85.7,64.0,55.5,64.5,92.5,70.8,C
20140429,EEML,5.37356,6.62,5.4,3.55,2.82,5.37,4.49,5.55077,47.5,59.1,30.6,30.1,36.0,50.0,59.3,65.2,58.1,47.05,58.4,0.0,62.5,55.0,44.0,33.1,64.5,48.8,42.6,44.5,100.0,62.4,C
20140429,EWU,2.58311,3.8,3.15,2.35,2.69,2.93,5.12,5.46308,49.8,89.4,81.7,74.6,79.7,0.0,6.4,35.9,14.5,47.1,41.0,46.1,48.5,36.4,43.0,43.7,76.5,60.1,91.5,40.8,100.0,77.4,C
20140429,BNO,6.18445,5.03,5.71,5,3.95,5,7.32,0,,49.2573,66.3735,62.1173,60.82216,0,51.1222,51.0098,33.19009,47.006125,,,,,,,,,,,,,
20140429,GRU,5.84943,7.01,2.62,5,4.15,5,7.46,0,,65.3616,28.9251,38.3605,40.9301,50,32.8554,73.4202,53.05369,46.991895,,,,,,,,,,,,,
20140429,KFYP,8.06937,5.18,8.23,5,5.28,7.5,5.72,0,,35.4072,36.0912,58.1976,47.0076,50,5.6733,79.0228,46.85997,46.933785,,,,,,,,,,,,,
20140429,IOO,4.37919,5.13,5.55,1.55,3.24,4.2,4.4,6.61231,55.1,84.7,79.2,75.8,78.6,0.0,23.0,23.4,15.1,46.85,47.4,70.0,61.9,43.8,55.7,47.2,84.5,65.9,66.0,57.2,100.0,74.4,B
20140429,VO,4.42287,5.18,6.73,1.68,4.02,3.54,2.14,5.63385,51.3,54.2,59.5,70.7,64.0,0.0,39.0,50.9,29.5,46.75,54.5,43.4,42.1,40.8,45.2,43.5,83.2,63.3,79.2,73.1,92.5,81.6,C
20140429,BWZ,3.17687,5.55,1.16,5,3.1,5,3.65,0,,48.5277,69.3485,63.8545,62.43734,50,38.9651,5.2769,31.036445,46.7368925,,,,,,,,,,,,,
20140429,FYX,4.45188,4.37,5.82,1.44,4.09,4.79,3.6,4.96462,47.6,36.5,52.7,62.9,54.6,50.0,0.1,60.8,38.8,46.7,30.5,48.1,33.5,39.7,38.0,45.1,85.6,65.4,54.2,72.1,89.5,71.9,C
20140429,ECH,5.41582,6.5,6.38,0.88,2.86,3.9,6.1,6.89385,56.3,30.8,32.9,19.6,25.8,90.8,51.1,58.4,67.6,46.7,67.8,32.2,98.7,36.8,58.9,44.0,91.2,67.6,72.1,45.8,100.0,72.6,B
20140429,PEJ,4.25874,4.86,4.6,1.52,4.27,4.95,3.53,4.85385,45.7,43.3,35.4,57.2,47.9,50.0,0.1,79.9,45.5,46.7,2.2,34.1,56.8,54.1,36.8,6.4,84.8,45.6,51.1,85.1,97.0,77.7,C
20140429,IJK,4.63017,5.77,7.47,1.49,3.51,4.1,1.21,6.44615,54.5,46.3,38.2,63.2,52.3,50.0,6.4,61.6,41.0,46.65,47.5,55.9,55.5,57.4,54.1,44.0,85.1,64.5,68.0,65.2,100.0,77.8,C
20140429,IBCE,5.59833,5.59,7.81,5,3,5,2.61,0,,34.6254,35.1249,26.5798,30.75245,50,88.9027,52.3779,62.503075,46.6277625,,,,,,,,,,,,,
20140429,CHIX,4.96469,5.96,3.88,3.79,3.66,4.74,5.52,8.01077,56.8,23.3,20.6,19.5,20.6,94.7,59.3,62.0,72.6,46.6,99.0,34.1,96.2,55.0,71.1,13.8,62.1,38.0,55.2,46.4,76.8,59.4,B
20140429,FBZ,8.52483,8.45,6.54,4.18,4.08,6.85,7.85,5.70308,48.2,39.9,32.5,7.1,21.3,50.0,66.2,98.6,71.9,46.6,45.6,38.2,38.2,62.5,46.1,47.0,58.2,52.6,13.0,72.0,89.5,58.2,C
20140429,VEA,3.52933,5.44,4.61,2.75,2.71,2.71,3.92,6.30308,52.5,61.0,40.8,35.3,42.1,50.0,75.4,31.3,51.1,46.6,45.0,51.1,58.5,55.5,52.6,35.5,72.5,54.0,95.8,33.9,92.5,74.0,C
20140429,GCE,6.38161,4.53,4.18,5,5.48,5,8.8,0,,47.4984,35.19,28.7405,34.42693,50,54.8005,70.8143,58.725155,46.5760425,,,,,,,,,,,,,
20140429,IAU,2.76355,5.63,1.93,5,3,5,1.02,0,,47.0554,56.0152,54.1477,53.28949,34.2756,54.3641,32.8339,39.797555,46.5435225,,,,,,,,,,,,,
20140429,SCPB,1.15486,3.4,0.11,5,3.1,5,1.07,0,,58.7948,68.6971,61.987,63.36159,50,38.9651,1.2378,29.62276,46.492175,,,,,,,,,,,,,
20140429,STIP,2.53255,5.52,0.79,5,3,5,2.05,0,,66.3648,76.2758,59.9674,66.1394,50,29.5511,1.3681,26.844165,46.4917825,,,,,,,,,,,,,
20140429,SPYV,3.95043,4.22,6.36,1.41,2.69,5.73,2.34,7.26308,56.3,64.6,44.9,44.6,48.7,50.0,70.4,16.1,44.3,46.5,54.0,99.0,58.5,41.0,63.1,49.4,85.9,67.7,35.5,37.8,97.0,56.8,B
20140429,MCRO,4.52382,7.23,0.67,5,4.2,5,5.13,0,,48.7752,61.0315,59.7286,57.92879,50,43.7032,12.5081,34.988795,46.4587925,,,,,,,,,,,,,
20140429,CQQQ,6.63026,6.04,6.12,8.14,3.12,4.72,6.77,6.45077,49.4,34.7,34.6,56.8,45.7,50.0,0.1,84.4,47.1,46.4,58.0,57.1,47.6,55.0,54.4,38.4,18.6,28.5,55.6,42.4,88.8,62.2,C
20140429,ACCU,5.92703,5,5,5,4.03,5,7.38,0,,50,50,50,50,50,25.8728,50,42.76184,46.38092,,,,,,,,,,,,,
20140429,KBA,7.11624,5,5,5,5.28,7.5,7.35,0,,50,50,50,50,50,25.8728,50,42.76184,46.38092,,,,,,,,,,,,,
20140429,CVOL,8.61398,6.59,6.89,5,5.75,5,9.37,0,,12.1107,17.4267,16.9055,16.1029,50,88.9027,92.443,76.52586,46.31438,,,,,,,,,,,,,
20140429,BOND,3.5584,4.59,1.67,5,3.65,5,4.89,0,,70.2997,75.5157,68.8708,71.15005,50,6.3591,5.8632,21.45985,46.30495,,,,,,,,,,,,,
20140429,LAG,2.48465,4.62,1.3,5,3.1,5,2.31,0,,83.4072,77.6439,63.9197,71.93446,50,6.3591,3.5179,20.638995,46.2867275,,,,,,,,,,,,,
20140429,ENGN,4.81781,5.5,5.43,5,3,5,3.47,0,,41.3616,33.5396,12.0304,24.3494,50,79.3641,76.6775,68.146355,46.2478775,,,,,,,,,,,,,
20140429,CWI,4.34212,5.89,3.97,2.92,3.27,5.08,3.89,6.00308,50.5,62.1,44.8,37.8,44.8,50.0,66.2,29.6,47.7,46.25,41.6,55.8,57.2,44.2,49.7,37.7,70.8,54.3,48.4,55.2,97.0,66.9,C
20140429,EPI,4.33788,6.14,3.94,5.68,2.76,3.05,4.97,7.13846,54.8,51.6,27.1,23.4,30.1,85.5,46.9,52.1,62.2,46.15,45.2,68.8,64.8,69.5,62.1,45.5,43.2,44.4,89.0,32.2,89.5,70.2,C
20140429,UNL,6.38632,6.5,5.59,5,3.95,5,6.04,0,,64.1238,46.5038,24.6254,39.0886,50,32.8554,73.8111,53.190505,46.1395525,,,,,,,,,,,,,
20140429,BKF,6.34483,7.64,5.93,4.47,2.63,4.63,6.28,7.61846,56.7,30.4,30.3,22.9,26.6,50.0,88.9,61.0,65.5,46.05,63.6,56.4,95.2,54.4,67.4,39.8,55.3,47.5,57.4,38.8,100.0,65.4,B
20140429,JGBB,4.21047,5.81,0.78,5,3.35,7.5,4.75,0,,67.8762,48.7622,49.9131,53.16045,50,62.2195,8.0782,38.99322,46.076835,,,,,,,,,,,,,
20140429,PEY,2.11607,2.82,1.33,1.38,4.33,4.61,3.97,3.1,40.8,48.9,44.4,44.7,45.5,50.0,75.4,18.6,46.7,46.1,2.5,0.8,39.1,31.4,18.4,53.3,86.2,69.8,57.9,86.9,97.0,80.6,D
20140429,DBP,5.19339,6.08,5.28,5,3.1,5,4.03,0,,44.9967,54.2562,52.8447,51.69855,50,38.9651,31.987,40.38498,46.041765,,,,,,,,,,,,,
20140429,HYG,4.63787,6.73,3.01,5,3,5,4.59,0,,61.0228,37.5787,32.2367,39.59652,72.4382,84.8504,4.7557,52.472985,46.0347525,,,,,,,,,,,,,
20140429,FDM,4.19156,3.88,5.07,1.45,4.04,5.75,3.62,5.94769,51.0,32.3,52.3,62.9,53.6,50.0,6.4,54.5,38.5,46.05,44.2,62.0,43.2,47.8,49.3,42.6,85.5,64.0,35.1,70.7,89.5,65.1,C
20140429,ITR,1.7687,3.81,0.41,5,3.1,5,2.24,0,,75.1336,73.2356,62.4864,68.2406,50,16.6459,3.5831,23.747855,45.9942275,,,,,,,,,,,,,
20140429,DGRE,4.5125,5.47,3.07,5,3.35,5,5.4,0,,44.5277,41.683,47.025,44.92294,50,32.793,56.3518,47.06103,45.991985,,,,,,,,,,,,,
20140429,PCY,3.01825,4.45,1.43,5,3.1,5,4.32,0,,69.583,60.1954,65.7438,64.84712,50,16.6459,13.1596,27.09963,45.973375,,,,,,,,,,,,,
20140429,NY,3.80239,3.28,5.42,1.53,3.4,6.77,2.46,7.17538,56.0,47.2,68.7,74.4,67.3,50.0,0.1,20.1,24.6,45.95,50.6,99.2,60.1,40.9,62.7,48.5,84.7,66.6,14.6,61.9,100.0,58.8,B
20140429,PCEF,4.10493,6.98,1.17,5,3.1,5,4.87,0,,65.1401,46.9815,33.2139,43.72942,50,88.9027,11.0098,48.02424,45.87683,,,,,,,,,,,,,
20140429,KBWR,4.32328,4.07,5.1,1.38,4.15,5.69,3.71,6.40923,52.4,34.0,50.3,56.6,50.2,50.0,0.1,68.6,41.5,45.85,52.6,97.8,33.6,34.1,54.5,15.0,86.2,50.6,36.2,81.4,97.0,71.5,C
20140429,VIDI,5.22531,5.43,1.45,5,6.33,5,6.04,0,,56.0586,41.8132,48.5451,48.02823,50,54.8005,27.8176,43.67631,45.85227,,,,,,,,,,,,,
20140429,LTPZ,4.2722,4.71,4.48,5,3.65,5,3.11,0,,45.9088,57.785,63.0727,58.05361,50,29.5511,20.6515,33.593355,45.8234825,,,,,,,,,,,,,
20140429,LD,7.06248,5.14,9.76,5,3.53,5,4.91,0,,41.9349,31.2595,25.0489,30.28928,50,29.5511,99.9349,61.342545,45.8159125,,,,,,,,,,,,,
20140429,SBV,6.38146,4.32,9.44,5,3.53,5,4.15,0,,12.1694,23.3333,22.4864,20.67707,50,65.586,96.4821,70.944535,45.8108025,,,,,,,,,,,,,
20140429,OIL,6.25328,6.38,5.94,5,3.53,5,5.85,0,,20.6189,28.5885,29.8914,27.64603,73.4982,62.2195,55.114,63.68012,45.663075,,,,,,,,,,,,,
20140429,PBS,3.6618,4.62,3.94,1.36,4.23,4.44,3.34,3.93077,42.7,40.5,34.8,55.3,46.2,50.0,0.1,78.5,45.0,45.6,34.4,39.9,4.5,33.0,27.9,18.9,86.4,52.6,61.3,83.9,97.0,80.7,D
20140429,KBWB,3.57645,3.67,4.67,1.38,3.83,4.68,3.71,6.54308,53.3,39.8,35.5,63.0,50.1,50.0,9.7,59.0,41.1,45.6,44.0,97.8,35.4,47.8,56.2,15.0,86.2,50.6,56.5,71.9,97.0,75.1,C
20140429,IDV,4.63485,5.53,4.78,1.97,4.11,3.37,5.22,4.54462,47.1,64.9,46.4,26.1,40.0,92.2,23.0,34.1,51.1,45.55,0.0,47.8,40.5,50.0,34.6,43.4,80.3,61.8,82.7,83.2,100.0,88.6,C
20140429,BSJF,2.18964,3.36,0.32,5,3.38,5,4.17,0,,47.785,66.8295,66.2215,62.7166,50,32.8554,2.8013,28.337075,45.5268375,,,,,,,,,,,,,
20140429,QCLN,4.29552,5.97,5.85,1.68,3.23,3.61,2.91,5.68462,51.1,14.0,18.6,31.7,24.2,50.0,66.2,84.2,66.8,45.5,43.6,62.8,37.8,43.8,47.0,56.0,83.2,69.6,77.8,46.5,89.5,71.3,C
20140429,SMH,4.72853,5.64,6.5,1.47,3.72,3.34,3.68,6.83846,56.6,20.5,24.5,38.2,30.6,75.6,23.0,77.3,60.4,45.5,52.2,43.2,43.2,99.5,59.5,52.5,85.3,68.9,83.3,59.5,88.0,76.9,B
20140429,DBC,4.50953,6.25,2.96,5,3.1,5,4.77,0,,60.7622,75.7763,65.2443,67.50748,0,59.2893,15.8958,23.35032,45.4289,,,,,,,,,,,,,
20140429,RSXJ,7.71136,7.22,7.26,5.66,4.09,5.09,6.65,9.48308,64.2,33.9,5.6,16.8,16.9,50.0,84.9,88.6,74.0,45.45,55.9,98.5,98.5,100.0,88.2,33.4,43.4,38.4,48.3,70.8,88.0,69.0,B
20140429,USFR,5.12302,5,5,5,3.35,7.5,2.95,0,,50,50,50,50,50,19.2643,50,40.77929,45.389645,,,,,,,,,,,,,
20140429,TFLO,4.17329,5,5,5,3,5,2.51,0,,50,50,50,50,50,19.2643,50,40.77929,45.389645,,,,,,,,,,,,,
20140429,HEWJ,4.67552,5,5,5,3,5,4.34,0,,50,50,50,50,50,19.2643,50,40.77929,45.389645,,,,,,,,,,,,,
20140429,GLDE,6.63179,5,5,5,4.03,7.5,7.45,0,,50,50,50,50,50,19.2643,50,40.77929,45.389645,,,,,,,,,,,,,
20140429,VIOG,4.06046,3.93,6.96,1.41,3.56,5.26,1.47,6.47385,53.2,35.6,35.5,61.1,48.3,50.0,13.6,59.6,42.4,45.35,35.4,98.3,44.0,45.0,55.7,39.6,85.9,62.8,44.9,59.2,92.5,65.5,C
20140429,EEMS,5.3294,5.2,4.74,2.97,3.78,5.97,5.69,5.67538,47.9,49.6,37.2,31.4,36.8,50.0,51.1,60.3,54.0,45.4,34.6,45.0,50.0,58.4,47.0,12.9,70.3,41.6,30.6,73.5,100.0,68.0,C
20140429,DEM,5.73505,7.78,5.58,3.54,2.67,3.24,6.17,7.74769,58.3,42.4,35.8,22.5,30.5,61.8,54.8,63.3,60.2,45.35,69.4,66.2,98.8,43.8,69.5,45.9,64.6,55.2,85.3,29.5,89.5,68.1,B
20140429,JJU,5.45221,6,5.24,5,3.53,5,4.53,0,,7.1791,26.2649,21.3355,19.98304,50,79.9875,83.5179,70.727515,45.3552775,,,,,,,,,,,,,
20140429,DGT,5.57996,6.15,5.42,2.22,4.41,5.55,4.01,6.79231,55.5,48.4,38.4,38.9,40.6,50.0,51.1,49.1,50.0,45.3,53.1,66.3,65.6,51.6,59.2,45.5,77.8,61.6,39.0,89.2,97.0,75.1,B
20140429,FCOM,4.05615,5.49,2.2,5,4.88,5,2.73,0,,32.6449,26.3735,48.4799,38.68098,50,50,55.7003,51.995105,45.3380425,,,,,,,,,,,,,
20140429,SCIN,6.99993,6.9,3.96,5.35,4.28,6.4,8.04,6.77846,50.4,51.7,29.6,26.0,32.2,50.0,46.9,76.8,58.5,45.35,31.6,46.1,58.4,100.0,59.0,21.8,46.5,34.2,22.1,62.2,73.8,52.7,C
20140429,VXZ,5.63111,6.37,5.58,5,3.53,5,4.12,0,,10.873,17.3398,16.8838,15.81844,98.9399,70.4489,54.3974,74.802725,45.3105825,,,,,,,,,,,,,
20140429,PSJ,4.60758,4.8,5.02,1.65,4.19,6.16,3.11,7.02308,56.5,43.4,34.4,54.0,46.0,50.0,0.1,77.4,44.6,45.3,48.8,40.9,57.2,100.0,61.7,52.4,83.5,68.0,26.8,82.6,97.0,68.8,B
20140429,MUAF,2.30086,5.08,0.8,5,3,5,1.85,0,,35.8892,54.6906,56.0803,51.62517,50,66.2095,4.4951,38.936135,45.2806525,,,,,,,,,,,,,
20140429,ITIP,3.83526,5.91,2.27,5,3,5,4,0,,68.7492,49.3268,37.5136,47.30468,50,75.2494,8.9251,43.198605,45.2516425,,,,,,,,,,,,,
20140429,UDN,3.46703,6.39,0.8,5,3.1,5,3.99,0,,45.8436,64.1802,63.4853,60.16543,52.2968,32.8554,5.9283,30.235405,45.2004175,,,,,,,,,,,,,
20140429,MUAD,1.42334,3.5,0.5,5,3,5,1.47,0,,56.8143,59.9457,55.6678,57.18047,50,51.1222,0.9772,33.17868,45.179575,,,,,,,,,,,,,
20140429,AGOL,6.83108,5.65,8.83,5,4.08,5,3.88,0,,43.8762,26.8512,22.0304,27.8458,50,66.2095,71.5961,62.421485,45.1336425,,,,,,,,,,,,,
20140429,VTWG,4.02844,5.15,7.69,1.43,2.96,3.51,1.05,6.15538,52.6,38.6,35.1,57.1,46.8,50.0,0.1,73.5,43.2,45,38.6,65.9,40.9,65.0,52.6,43.0,85.7,64.4,79.9,41.4,92.5,71.3,C
20140429,DBU,5.15904,6.97,2.94,2.64,3.76,6.27,5.01,5.88769,51.0,59.6,46.4,25.6,38.6,50.0,62.2,43.5,51.4,45,37.8,69.5,56.6,35.0,49.7,71.4,73.6,72.5,24.6,62.4,89.5,58.8,C
20140429,DJP,5.42613,6.78,4.24,5,3.53,5,4.77,0,,65.3485,48.6536,43.7894,49.56048,50,54.8005,18.5016,40.41571,44.988095,,,,,,,,,,,,,
20140429,SCHO,2.20543,4.41,0.09,5,3.65,5,2.59,0,,44.0717,61.2269,59.3377,56.85126,50,51.1222,0.5863,33.041865,44.9465625,,,,,,,,,,,,,
20140429,AZIA,5.71904,3.26,3.81,5.39,4.51,9.37,5.73,7.05077,52.3,41.3,56.2,60.6,55.4,50.0,0.1,47.7,34.2,44.8,50.0,50.0,50.0,100.0,62.5,33.7,46.1,39.9,12.6,72.0,76.8,53.8,C
20140429,UBN,6.9095,5.23,7.61,5,3.73,5,7.15,0,,14.1433,26.8295,24.202,22.97851,50,51.1222,96.3518,66.55979,44.76915,,,,,,,,,,,,,
20140429,PSCF,3.13138,3.2,4.61,1.41,3.66,4.8,2.99,3.60308,40.4,31.9,51.9,58.5,51.2,50.0,23.0,39.7,38.3,44.75,40.8,3.9,0.0,56.2,25.2,16.0,85.9,50.9,54.0,66.9,97.0,72.6,D
20140429,AND,6.19987,7.2,2.96,5,3.78,6.92,6.59,9.33538,62.5,36.8,19.6,21.9,24.2,50.0,62.2,83.3,65.3,44.75,97.0,55.3,97.0,100.0,87.3,50.0,50.0,50.0,11.6,50.0,76.8,46.1,B
20140429,IJS,4.276,4.37,7.31,1.43,3.37,4.49,2.11,5.39846,49.7,38.1,54.5,67.7,57.8,0.0,51.1,46.5,31.6,44.7,39.6,50.0,44.5,44.6,44.7,45.2,85.7,65.5,60.3,61.0,100.0,73.8,C
20140429,KIE,5.00883,4.36,6.07,3,4.62,3.61,4.89,4.52615,45.2,70.3,68.7,70.4,69.9,0.0,9.7,47.2,19.4,44.65,40.5,2.2,42.0,56.5,35.3,15.0,70.0,42.5,77.9,95.5,97.0,90.1,C
20140429,GLD,5.65472,4.89,6.91,5,3.1,5,5.06,0,,49.2443,56.2975,54.1694,53.82281,65.371,0.0623,35.9609,35.484855,44.6538325,,,,,,,,,,,,,
20140429,ADRA,4.32152,6.01,3.98,1.94,3.02,5.71,3.86,7.55385,56.7,33.7,53.3,53.9,49.7,50.0,9.7,54.8,39.6,44.65,61.5,99.3,59.6,51.8,68.1,32.0,80.6,56.3,35.9,47.6,97.0,60.1,B
20140429,USL,6.17113,5.88,6.21,5,3.95,5,5.25,0,,23.4853,32.8882,34.126,31.62652,50,88.9027,38.241,57.55516,44.59084,,,,,,,,,,,,,
20140429,FXF,4.75465,5.58,4.48,5,3.38,5,3.98,0,,39.2899,59.2074,66.3952,58.8178,0,88.9027,10.4235,30.319035,44.5684175,,,,,,,,,,,,,
20140429,IDXJ,6.8953,7.72,5.34,4.89,3.96,6.14,5.33,5.31077,45.5,24.9,23.6,25.9,25.0,50.0,54.8,85.7,63.9,44.45,60.3,0.0,57.4,58.4,44.0,29.5,51.1,40.3,27.2,66.7,88.0,60.6,C
20140429,SCHR,2.46632,4.29,0.82,5,3.65,5,2.63,0,,60.2541,61.3789,55.4072,58.16809,50,35.5985,7.4267,30.778895,44.4734925,,,,,,,,,,,,,
20140429,BSCK,2.1932,3.87,0.46,5,3.38,5,3.21,0,,31.7264,64.658,69.544,60.51468,50,29.5511,5.798,28.39463,44.454655,,,,,,,,,,,,,
20140429,SPHB,4.2449,4.59,5.29,1.72,4.53,3.99,3.31,4.55385,47.1,54.1,61.9,71.4,65.1,0.0,0.1,68.0,23.8,44.45,3.0,44.1,0.0,96.2,35.8,43.9,82.8,63.3,70.2,92.9,97.0,86.7,C
20140429,INXX,6.5797,7.16,3.77,5.65,4.48,6.5,5.86,9.16923,62.0,49.4,28.7,31.6,34.3,50.0,46.9,65.7,54.6,44.45,49.4,97.5,96.3,100.0,85.8,46.1,43.5,44.8,20.1,68.1,73.8,54.0,B
20140429,VBK,4.32857,5.39,7.65,1.46,3.54,3.49,0.99,5.24154,49.1,40.6,36.0,59.8,48.8,43.8,0.1,70.4,40.0,44.4,32.5,50.0,52.4,38.1,43.3,39.9,85.4,62.7,80.3,58.6,92.5,77.1,C
20140429,OLO,6.2033,6.13,6.24,5,3.1,5,6.22,0,,39.2117,28.8274,25.6135,29.29731,50,25.8728,97.785,59.48659,44.39195,,,,,,,,,,,,,
20140429,VOT,4.33685,5.68,6.87,1.44,3.96,3.71,0.9,5.42154,50.4,47.9,38.1,64.7,53.4,0.0,43.7,63.5,35.3,44.35,67.2,37.2,39.5,37.5,45.3,44.3,85.6,65.0,75.8,71.3,92.5,79.9,C
20140429,RCD,4.32432,3.86,6.13,1.63,4.9,4.1,2.81,4.61846,45.3,42.8,37.8,62.7,51.3,50.0,6.4,51.5,37.4,44.35,48.6,37.4,3.4,57.2,36.6,6.2,83.7,45.0,68.0,95.8,88.8,84.2,C
20140429,ICLN,6.23899,8.39,4.93,2.97,3.72,4.87,5.15,6.19231,52.6,13.3,19.3,29.3,23.1,50.0,75.4,72.4,65.5,44.3,40.9,60.0,46.5,67.3,53.7,48.5,70.3,59.4,52.6,71.6,100.0,74.7,C
20140429,GULF,4.00739,3.5,2.87,4.58,3.15,4.49,7.85,6.54769,51.0,13.0,32.3,30.2,27.4,50.0,84.9,51.9,61.1,44.25,33.9,95.1,44.4,57.1,57.6,22.6,54.2,38.4,60.3,43.9,89.5,64.6,C
20140429,CNPF,7.21482,7.64,3.5,8.96,5,6.96,4.97,3.78769,35.2,41.6,15.5,20.7,23.3,50.0,46.6,96.3,65.2,44.25,0.0,50.0,0.0,60.7,27.7,2.8,10.4,6.6,10.9,86.6,76.8,58.1,D
20140429,RTH,3.30337,3.56,4.26,1.38,4,4.23,3.69,5.02923,47.6,51.7,57.2,64.1,59.5,0.0,35.6,52.1,28.9,44.2,38.6,31.8,31.8,62.5,41.2,34.0,86.2,60.1,65.4,67.9,88.0,73.8,C
20140429,AUD,6.15387,5.57,7.49,5,3.65,5,4.17,0,,41.9349,18.1107,11.5744,19.60739,50,62.1571,93.2899,68.798595,44.2029925,,,,,,,,,,,,,
20140429,GVI,2.46503,4.57,1.65,5,3,5,1.93,0,,56.3844,63.9848,57.2964,59.12052,50,35.5985,3.127,29.274,44.19726,,,,,,,,,,,,,
20140429,RAVI,2.69117,5,0.1,5,3.8,5,3.24,0,,43.4332,68.5016,82.6167,70.54547,50,0.0623,0.6515,17.746715,44.1460925,,,,,,,,,,,,,
20140429,MES,5.19864,3.03,4.58,5.09,3.43,5.56,8.6,3.84308,38.7,19.7,44.3,30.5,32.5,50.0,84.9,36.7,55.8,44.15,0.0,54.5,0.9,58.4,28.4,25.0,49.1,37.1,38.9,50.9,88.0,59.3,D
20140429,FRN,5.65225,7.73,2.33,4.19,3.5,5.32,7.16,5.14923,45.9,35.8,40.4,25.1,31.8,50.0,66.2,54.5,56.4,44.1,4.1,0.0,98.3,67.8,42.6,42.4,58.1,50.3,43.7,53.8,88.8,62.1,C
20140429,GRN,6.60288,5.45,7.11,5,3.53,5,6.76,0,,23.9023,22.0521,5.4506,14.12139,50,75.4364,96.9381,74.059255,44.0903225,,,,,,,,,,,,,
20140429,PWZ,2.28128,3.82,0.79,5,3.1,5,3.53,0,,51.8501,32.2693,45.5917,42.84666,50,79.9875,10.8795,45.304075,44.0753675,,,,,,,,,,,,,
20140429,GAZ,6.49988,6.44,5.32,5,3.53,5,7.58,0,,62.1824,45.5483,20.8469,36.52442,0,70.4489,86.7752,51.50599,44.015205,,,,,,,,,,,,,
20140429,XSLV,3.68699,2.84,2.53,1.38,6.45,6,3.32,6.17385,50.7,32.2,52.6,75.9,60.2,50.0,5.1,25.1,27.8,44,61.4,47.8,47.8,58.4,53.8,36.8,86.2,61.5,30.1,92.8,39.2,54.1,C
20140429,TIPZ,3.30172,4.88,1.95,5,3.65,5,3.11,0,,43.6678,69.8697,58.9685,59.17872,50,23.005,12.6384,28.82494,44.00183,,,,,,,,,,,,,
20140429,VMBS,2.21261,4.72,0.76,5,3.25,5,1.75,0,,53.8306,68.2628,62.9859,62.73791,50,19.2643,5.5375,25.217415,43.9776625,,,,,,,,,,,,,
20140429,IPFF,3.57518,5.38,1.22,1.84,3.79,5.95,4.87,2.75846,35.4,51.6,46.7,27.0,37.9,50.0,62.2,39.3,49.9,43.9,0.0,3.1,0.0,64.7,16.9,4.2,81.6,42.9,31.1,73.6,100.0,68.2,D
20140429,UBC,5.3234,4.36,5.16,5,3.73,5,6.34,0,,64.658,27.2747,25.5592,33.89361,50,79.9875,35.2443,53.831755,43.8626825,,,,,,,,,,,,,
20140429,TIPX,4.5425,5.7,4.83,5,3.1,5,2.91,0,,31.9935,30.3909,45.9609,38.49642,50,16.5835,76.2215,49.152575,43.8244975,,,,,,,,,,,,,
20140429,AGZ,2.31994,4.44,1.68,5,3,5,1.56,0,,41.557,64.1585,60.7275,57.9227,50,35.5985,4.2997,29.684445,43.8035725,,,,,,,,,,,,,
20140429,BCM,4.4943,5.62,3.57,5,3.53,5,4.09,0,,46.1042,42.2041,33.7568,38.76047,50,75.2494,24.7557,48.739315,43.7498925,,,,,,,,,,,,,
20140429,DTH,4.78586,5.23,5.38,2.16,2.86,4.88,5.59,4.82154,45.3,66.5,45.0,40.0,46.8,50.0,54.8,19.2,40.7,43.75,4.2,37.9,54.2,61.0,39.4,44.8,78.4,61.6,52.5,35.2,89.5,59.1,C
20140429,GII,4.68937,4.81,4,5.97,3.3,5.41,4.84,3.94,39.2,68.3,49.1,29.4,43.1,50.0,70.4,16.3,44.3,43.7,1.1,34.2,40.0,44.2,29.9,24.2,40.3,32.3,41.9,56.0,97.0,65.0,D
20140429,FDIS,4.31098,5.4,2.93,5,4.88,5,2.7,0,,26.9121,5.19,48.1542,31.01652,50,54.8005,63.9088,56.30823,43.662375,,,,,,,,,,,,,
20140429,XME,5.09296,7.29,6.76,1.38,4.07,3.07,1.93,4.89538,49.5,33.4,27.1,29.9,29.8,92.9,6.4,66.0,57.5,43.65,4.2,51.6,61.7,43.8,40.3,54.6,86.2,70.4,88.7,79.1,97.0,88.3,C
20140429,CHNA,5.82682,6.19,4.96,5,3.1,7.5,4.19,0,,13.4919,24.354,47.4159,33.71253,50,46.5087,62.8013,53.433065,43.5727975,,,,,,,,,,,,,
20140429,DOO,5.49384,5.81,5.57,2.25,4.11,4.54,5.43,4.6,46.4,64.7,44.6,25.8,39.2,50.0,62.2,33.6,47.9,43.55,1.6,32.7,53.7,61.0,37.2,55.9,77.5,66.7,59.2,72.7,89.5,73.8,C
20140429,SEA,6.28137,7.66,3.99,4.58,4.13,4.54,6.73,4.9,47.2,31.2,24.8,36.4,31.9,50.0,59.3,56.7,55.1,43.5,50.0,66.3,41.3,4.3,40.5,70.5,54.2,62.3,59.3,72.6,88.8,73.6,C
20140429,CHXF,5.41818,6.01,5.05,4.12,3.42,4.89,5.39,6.08154,50.7,29.3,26.0,25.4,26.4,50.0,70.4,62.7,60.6,43.5,65.0,45.0,45.0,58.4,53.3,51.9,58.8,55.4,52.2,52.2,89.5,64.7,C
20140429,SHM,1.52636,4.17,0.18,5,3.1,5,1.16,0,,65.0098,61.6395,59.2508,61.11921,50,25.8728,1.6287,25.831885,43.4755475,,,,,,,,,,,,,
20140429,GBF,2.91295,4.5,2.5,5,3,5,2.4,0,,45.8306,67.7633,61.1183,60.05426,50,23.005,6.9055,26.818425,43.4363425,,,,,,,,,,,,,
20140429,ACWX,3.67326,5.89,4.55,1.98,2.77,2.95,3.93,5.66615,50.6,60.3,43.4,36.1,43.1,50.0,54.4,28.3,43.7,43.4,36.4,52.7,53.0,53.5,48.9,37.1,80.2,58.7,91.0,43.0,100.0,78.0,C
20140429,ERUS,6.65786,8.44,5.78,6.22,3.11,3.58,5.9,7.28154,56.3,33.1,6.8,18.1,17.7,50.0,66.2,90.7,69.1,43.4,68.9,56.2,98.8,41.6,66.4,55.1,37.8,46.5,78.5,53.3,100.0,77.3,B
20140429,EMFT,7.25513,6.98,8.11,3.08,3.48,6.68,4.7,7.59538,56.6,46.1,33.7,25.9,32.3,50.0,19.0,89.4,54.5,43.4,95.5,43.2,95.5,45.0,69.8,41.8,69.2,55.5,16.5,61.4,97.0,58.3,B
20140429,IPE,2.92602,4.68,2.06,5,3.1,5,2.7,0,,46.8469,73.6916,59.164,61.05886,50,16.6459,8.3388,25.41235,43.235605,,,,,,,,,,,,,
20140429,NLR,6.2216,6.27,6.17,1.5,3.28,5.88,6.79,5.86462,50.9,45.7,38.1,38.6,39.9,50.0,70.4,22.7,46.6,43.25,42.8,47.1,48.4,66.7,51.2,65.5,85.0,75.2,32.4,46.4,88.0,55.6,C
20140429,TBAR,5.00883,4.9,2.7,5,4.23,5,7.33,0,,50.1954,33.9848,50.0651,45.26707,50,43.7032,30.0977,41.145155,43.2061125,,,,,,,,,,,,,
20140429,JJP,5.97054,5.81,6.9,5,3.53,5,4.22,0,,48.7101,55.7112,53.0185,52.96463,50,4.8005,41.3029,33.396165,43.1803975,,,,,,,,,,,,,
20140429,ASHR,6.86043,6.28,4.34,5,6.33,5,6.39,0,,23.1335,20.7709,47.6982,34.70707,0,88.9027,71.3355,51.638235,43.1726525,,,,,,,,,,,,,
20140429,EEHB,5.66073,6.81,4.38,3.77,4.42,6.06,3.58,5.38,47.6,22.0,35.0,15.2,22.5,50.0,74.9,68.2,63.9,43.2,43.2,38.6,2.2,100.0,46.0,31.9,62.3,47.1,28.8,89.6,97.0,71.8,C
20140429,UBM,6.31279,5.67,5.74,5,3.73,5,7.12,0,,26.7036,35.7112,22.3779,27.24303,50,54.3017,71.8567,58.940355,43.0916925,,,,,,,,,,,,,
20140429,RGRP,8.0422,6.2,7.14,5,4.23,7.5,7.3,0,,40.0586,28.4582,24.6797,28.88903,50,19.2643,97.1336,57.27605,43.08254,,,,,,,,,,,,,
20140429,LATM,6.95554,8.15,4.47,3.28,3.75,6.89,6.57,6.15538,49.7,48.8,34.0,20.6,30.3,50.0,25.9,87.5,55.9,43.1,39.3,62.8,60.7,55.0,54.5,38.5,67.2,52.9,12.3,60.6,88.0,53.6,C
20140429,EMCG,4.54716,5.83,2.81,5,3.35,5,5.39,0,,16.0586,29.3485,47.785,35.90877,50,46.6958,53.1596,50.1146,43.011685,,,,,,,,,,,,,
20140429,PZI,4.38011,3.92,3.97,1.74,4.58,6.19,4.49,6.84769,55.3,31.1,34.2,58.3,45.6,50.0,0.1,65.4,40.4,43,41.5,97.5,49.0,60.4,62.1,36.4,82.6,59.5,26.2,94.5,97.0,72.6,B
20140429,SIL,6.09913,8.72,5.17,1.79,3.84,4.27,4.79,6.34923,52.8,41.6,23.1,20.5,25.5,41.0,59.3,80.9,60.5,43,33.4,70.0,68.3,55.0,56.7,48.2,82.1,65.2,64.6,51.8,76.8,64.4,C
20140429,IYW,3.67132,5.59,6.6,1.42,2.11,3.37,2.14,6.76,55.3,50.2,32.0,39.4,39.3,0.0,80.0,64.6,46.6,42.95,58.0,59.4,60.4,66.9,61.2,50.0,85.8,67.9,82.7,23.3,100.0,68.7,B
20140429,FPA,5.78299,4.73,5.19,3.58,4.11,4.76,7.79,5.21385,46.8,34.8,37.9,18.0,27.4,50.0,80.0,48.7,58.6,43,38.6,36.8,47.0,55.0,44.4,28.2,64.2,46.2,54.8,72.8,89.5,72.4,C
20140429,BRAZ,6.64001,8.21,3.22,4.21,4.06,7.02,6.16,7.91385,57.0,47.7,41.4,23.1,33.5,50.0,29.6,74.3,52.4,42.95,64.2,67.4,63.0,100.0,73.7,52.5,57.9,55.2,9.6,58.5,76.8,48.3,B
20140429,EVAL,5.56755,6.35,5.83,3.11,2.73,6.18,4.5,6.64,51.8,27.2,32.9,24.2,27.4,50.0,62.2,63.7,58.5,42.95,69.8,0.0,69.8,100.0,59.9,33.3,68.9,51.1,26.5,42.0,100.0,56.2,C
20140429,RGRA,6.65915,5.51,6.14,5,4.23,5,7.29,0,,64.0977,25.3203,26.4061,33.61868,50,13.591,87.557,52.22225,42.920465,,,,,,,,,,,,,
20140429,IGF,3.70182,4.9,3.44,1.78,3.2,4.39,5.2,3.08154,39.7,58.8,46.6,28.9,40.2,50.0,75.4,15.2,45.4,42.8,0.7,4.0,42.1,39.3,21.5,50.9,82.2,66.5,62.3,56.0,100.0,72.7,D
20140429,PXF,4.49435,5.98,5.13,1.99,2.77,4.13,4.73,5.67538,49.9,61.1,42.3,37.9,43.9,50.0,35.6,38.8,41.7,42.8,33.8,52.2,45.6,67.0,49.6,41.5,80.1,60.8,67.4,40.0,97.0,68.1,C
20140429,NAGS,6.29369,6.1,4.59,5,4.68,5,6.7,0,,66.7557,45.114,24.8426,39.30664,50,19.2643,65.798,46.30859,42.807615,,,,,,,,,,,,,
20140429,FEM,6.24411,6.82,3.6,5.68,4.09,4.72,7.74,7.41077,55.6,33.8,28.7,22.6,26.6,53.4,62.2,61.8,59.0,42.8,53.0,57.4,63.2,100.0,68.4,35.2,43.2,39.2,55.6,72.2,89.5,72.4,B
20140429,PBD,6.41776,8.21,4.43,2.79,3.76,5.61,6.1,5.56462,49.4,19.7,20.1,35.9,27.9,50.0,51.1,70.9,57.7,42.8,37.5,59.2,40.6,56.2,48.4,51.1,72.1,61.6,37.8,69.7,97.0,68.2,C
20140429,VCSH,1.74005,3.78,0.56,5,3.25,5,1.74,0,,67.7199,70.2823,61.9653,65.61132,50,6.3591,1.4984,19.93217,42.771745,,,,,,,,,,,,,
20140429,IFGL,4.48661,5.44,3.79,5,3,5,4.8,0,,60.671,44.9186,21.6612,36.44038,50,79.9875,21.3029,48.952265,42.6963225,,,,,,,,,,,,,
20140429,VFH,2.97083,4.27,5.77,1.57,2.37,3.53,2.18,6.39538,51.5,34.6,26.0,34.5,32.0,50.0,70.4,42.3,53.4,42.7,58.0,95.8,42.0,34.0,57.5,14.6,84.3,49.4,79.5,23.7,92.5,65.2,C
20140429,DFVL,6.56879,5.21,7.67,5,3.53,5,6.16,0,,43.798,59.6851,57.1227,55.22648,50,5.5486,31.4007,30.154825,42.6906525,,,,,,,,,,,,,
20140429,DES,3.96809,3.85,5.89,1.38,3.15,4.91,3.82,4.07385,42.8,33.2,54.8,67.0,56.5,50.0,0.1,32.2,28.8,42.65,30.3,34.4,34.0,30.7,32.4,44.9,86.2,65.5,51.9,44.0,89.5,61.8,D
20140429,FXY,5.08778,6.17,4.71,5,3.38,5,3.97,0,,38.7166,57.861,52.3887,51.29597,79.5053,6.3591,12.1824,33.998425,42.6471975,,,,,,,,,,,,,
20140429,PSP,5.01153,7,3.23,3.06,3.15,3.82,7.15,6.18769,50.9,26.3,22.9,25.1,24.7,50.0,80.0,54.6,60.6,42.65,64.7,68.8,35.8,51.9,55.3,17.6,69.4,43.5,73.7,51.5,97.0,74.1,C
20140429,CAFE,6.04334,5.54,7.49,5,3.53,5,4,0,,50.7166,26.1672,29.62,32.80348,50,6.3591,94.3974,52.44682,42.62515,,,,,,,,,,,,,
20140429,IRV,6.95567,8.21,5.64,5,3.1,6.84,4.9,5.72615,47.5,24.2,31.1,26.4,27.3,50.0,46.9,75.0,57.8,42.55,35.9,51.1,58.4,56.2,50.4,50.0,50.0,50.0,13.2,50.0,97.0,53.4,C
20140429,IEI,2.58729,4.65,2.11,5,3,5,1.57,0,,57.0098,59.8588,55.0814,56.9003,50,29.5511,5.2117,28.189425,42.5448625,,,,,,,,,,,,,
20140429,CPER,6.29425,6.01,6.15,5,3.95,5,5.59,0,,37.3095,33.127,21.5744,28.1872,50,79.9875,43.7134,56.79594,42.49157,,,,,,,,,,,,,
20140429,DEW,5.09376,5.86,4.85,2.25,3.2,5.47,5.41,5.84154,49.6,66.2,45.7,35.8,44.9,50.0,35.6,34.0,40.1,42.5,36.1,50.2,59.5,61.0,51.7,44.0,77.5,60.8,40.7,45.6,89.5,58.6,C
20140429,BIV,3.35654,5.33,2.34,5,3.25,5,2.65,0,,54.7036,67.5027,56.0369,59.20998,50,19.2643,7.0358,25.74182,42.4759,,,,,,,,,,,,,
20140429,IFEU,5.3721,5.03,6.34,5,3,5,4.83,0,,55.8176,48.3062,45.2009,48.25583,50,23.005,34.9186,36.62301,42.43942,,,,,,,,,,,,,
20140429,SUB,3.03323,6.73,1.37,5,3,5,1.19,0,,61.4658,61.683,58.0782,59.83716,50,23.005,1.8241,25.039935,42.4385475,,,,,,,,,,,,,
20140429,IYF,4.05774,4.84,7.18,1.56,2.42,3.62,3.03,6.55692,52.7,35.4,25.9,34.1,31.9,50.0,59.3,50.5,53.0,42.45,51.4,97.5,51.4,37.5,59.5,15.0,84.4,49.7,77.7,32.6,100.0,70.1,C
20140429,BTAL,8.98036,6.9,8.61,5,4.98,6.54,7.31,3.94,38.1,42.8,16.8,24.7,25.9,50.0,22.6,98.8,58.9,42.4,0.0,36.1,30.6,58.4,31.2,50.0,50.0,50.0,19.3,50.0,40.8,36.7,D
20140429,FLTR,2.13603,4.04,0.36,5,3.4,5,2.86,0,,51.4723,65.3529,62.8339,61.31728,50,16.6459,2.6059,23.405835,42.3615575,,,,,,,,,,,,,
20140429,HFIN,6.35952,5.33,3.52,5,5.55,7.5,5.89,0,,35.9414,25.57,48.8491,39.28383,50,38.9651,46.1238,45.33286,42.308345,,,,,,,,,,,,,
20140429,EEME,5.73093,5.89,6.53,4.18,2.89,5.66,4.49,6.67692,51.8,12.7,25.4,22.1,21.2,50.0,84.9,58.2,63.3,42.25,45.9,57.5,95.8,45.0,61.0,28.9,58.2,43.5,36.9,46.8,100.0,61.2,C
20140429,JO,7.16596,7.34,8.21,5,3.53,5,4.33,0,,48.4365,25.8632,29.5765,32.23451,46.2898,9.7257,94.5928,52.22662,42.230565,,,,,,,,,,,,,
20140429,PSAU,6.72678,8.6,6.16,2.34,2.91,5.19,5.97,6.76923,53.4,43.3,27.5,21.4,27.6,50.0,39.0,78.7,56.7,42.15,45.7,64.7,96.5,41.6,62.1,31.9,76.6,54.2,46.2,44.4,97.0,62.5,C
20140429,INDA,4.51399,5.31,3.97,4.9,2.8,4.5,5.7,6.41385,51.1,39.7,37.6,35.3,36.9,50.0,50.0,42.3,47.3,42.1,33.4,55.5,44.5,100.0,58.3,31.8,51.0,41.4,60.1,43.9,100.0,68.0,C
20140429,FLRN,2.57652,5.01,0.73,5,3.1,5,2.92,0,,49.4919,62.9207,59.9891,58.76914,50,23.005,2.9967,25.450345,42.1097425,,,,,,,,,,,,,
20140429,FPE,4.28046,5.06,0.57,7.74,3.81,5.4,6.46,6.05385,46.5,47.4,44.4,47.1,46.3,50.0,54.8,10.7,37.7,42,50.0,50.0,50.0,67.8,54.5,5.0,22.6,13.8,42.1,63.9,89.5,65.1,C
20140429,FFR,5.48629,6.06,4.51,5,3.35,5,5.92,0,,63.8893,47.6547,36.6015,45.37502,50,38.9651,27.0358,38.65206,42.01354,,,,,,,,,,,,,
20140429,HYND,4.37911,6.21,0.97,5,3.35,7.5,4.46,0,,33.1531,30.0434,49.544,40.41564,50,62.2195,20.9772,43.50787,41.961755,,,,,,,,,,,,,
20140429,AIA,4.59427,4.63,5.4,1.82,3.31,5.18,4.94,7.12923,56.1,39.0,38.2,28.3,33.4,50.0,51.1,50.4,50.5,41.95,66.5,47.4,97.3,53.5,66.2,37.5,81.8,59.6,46.5,59.2,100.0,68.6,B
20140429,FLN,8.27017,7.35,6.74,4.95,4.08,6.95,7.79,4.54462,42.3,30.3,31.8,23.0,27.1,50.0,23.0,92.5,56.8,41.95,39.7,1.4,61.8,50.0,38.2,39.0,50.5,44.8,11.0,71.8,89.5,57.4,D
20140429,BSJE,2.33038,4.01,0.22,5,3.38,5,3.86,0,,76.241,68.089,55.6895,63.51965,50,6.3591,2.3453,20.228585,41.8741175,,,,,,,,,,,,,
20140429,VNM,6.75205,7.49,5.99,5.4,4.06,3.64,6.29,6.00769,50.1,8.6,17.9,23.1,18.7,50.0,66.2,79.2,65.1,41.9,32.5,33.4,50.6,100.0,54.1,32.3,46.0,39.1,77.3,69.7,88.0,78.3,C
20140429,OLEM,6.67557,4.76,9.81,5,3.53,5,4.01,0,,37.8502,31.7155,25.5917,29.88054,50,4.8005,99.6743,53.826155,41.8533475,,,,,,,,,,,,,
20140429,SGAR,5.68836,4.84,7.3,5,3.53,5,4.05,0,,25.2834,29.4571,25.1574,26.47251,50,70.4489,52.9642,57.17214,41.822325,,,,,,,,,,,,,
20140429,SMMU,2.90778,5.25,0.22,5,3.65,5,3.7,0,,59.1335,64.7666,58.2953,60.40433,50,16.6459,1.6938,23.0866,41.745465,,,,,,,,,,,,,
20140429,SHY,1.59556,4.74,0.24,5,3,5,0.62,0,,41.1531,59.4463,58.165,55.14701,50,35.5985,0.3909,28.316365,41.7316875,,,,,,,,,,,,,
20140429,VB,4.33524,5.01,7.27,1.61,3.56,3.38,2.16,4.55846,46.2,40.9,37.7,65.4,52.2,0.0,35.6,58.6,31.2,41.7,35.8,45.3,41.2,32.1,38.6,40.4,83.9,62.2,82.5,59.3,92.5,78.1,C
20140429,GBB,6.90927,5.4,9.7,5,3.53,5,4.07,0,,54.0261,33.4093,9.2725,25.46426,50,19.2643,99.0228,57.93727,41.700765,,,,,,,,,,,,,
20140429,DCNG,5.98981,5.01,7.87,5,3.53,5,4.05,0,,51.798,42.6384,21.1292,33.71572,50,6.1097,86.645,49.65866,41.68719,,,,,,,,,,,,,
20140429,UCI,5.19067,6.55,2.66,5,3.73,5,6.33,0,,51.772,26.8838,36.1889,36.51399,50,70.4489,23.1922,46.75194,41.632965,,,,,,,,,,,,,
20140429,CSJ,2.02491,4.45,1.18,5,3,5,1.2,0,,74.3909,67.0684,60.7709,65.38415,50,0.0623,0.9121,17.837925,41.6110375,,,,,,,,,,,,,
20140429,IWP,3.61499,5.28,6.16,1.59,3.11,3.47,1.38,5.71231,51.3,50.3,39.6,66.2,55.0,0.0,23.0,60.8,28.2,41.6,53.0,51.2,46.7,53.9,51.2,43.1,84.1,63.6,80.7,53.3,100.0,78.0,C
20140429,ICI,4.42398,5.36,4.2,5,3.53,5,3.29,0,,25.2834,28.1542,20.7275,23.86669,50,51.1222,75.5049,59.263375,41.5650325,,,,,,,,,,,,,
20140429,QEH,4.53445,4.35,2.21,5,4.03,5,7.45,0,,32.6189,36.5038,59.7068,47.32832,50,19.2643,35.57,35.72879,41.528555,,,,,,,,,,,,,
20140429,AFK,6.12913,6.94,4.34,5.16,2.99,5.26,7.4,6.11846,48.6,55.4,45.6,38.3,43.9,50.0,9.7,53.4,39.1,41.5,44.5,59.3,58.4,60.7,55.7,31.7,48.4,40.0,44.9,37.8,88.0,56.9,C
20140429,BSCE,2.48291,6.19,0.08,5,3.38,5,1.36,0,,41.9218,38.0456,35.3746,37.48534,50,84.8504,7.1661,45.463255,41.4742975,,,,,,,,,,,,,
20140429,IAT,3.81007,4.44,6.18,1.45,2.67,4.22,3.3,5.18615,46.7,13.9,17.4,30.1,23.0,50.0,84.9,47.4,59.6,41.3,55.5,53.2,41.9,32.4,45.8,15.0,85.5,50.2,65.6,40.2,100.0,68.6,C
20140429,MUAE,2.57403,6.02,0.58,5,3,5,1.76,0,,57.4528,61.3355,57.101,58.44171,50,19.2643,2.4104,24.12293,41.28232,,,,,,,,,,,,,
20140429,GSAX,7.31766,6.03,6.88,5,3.95,7.5,5.71,0,,50.8469,19.0662,27.0684,29.42344,50,5.8604,96.5472,53.04964,41.23654,,,,,,,,,,,,,
20140429,BSCG,1.38772,3.21,0.13,5,3.38,5,1.76,0,,30.9251,55.6678,63.5071,54.63891,50,32.8554,1.0424,27.72146,41.180185,,,,,,,,,,,,,
20140429,CU,6.67064,7.29,5.57,1.81,4.07,5.39,6.94,5.68,50.1,51.1,39.9,25.0,34.7,50.0,51.1,42.1,47.6,41.15,43.3,60.4,66.5,35.0,51.3,45.0,81.9,63.5,42.3,71.7,89.5,67.8,C
20140429,IJT,4.21371,5.05,7.24,1.42,3.31,4.05,1.5,5.58308,50.4,36.8,35.7,60.8,48.5,31.4,0.1,64.3,33.5,41,36.8,69.8,53.5,41.4,50.4,40.0,85.8,62.9,69.1,59.2,100.0,76.1,C
20140429,PIO,4.23674,4.93,3.35,1.99,3.24,5.07,6.41,4.74308,47.2,32.4,25.3,41.9,35.0,50.0,54.8,37.3,47.0,41,31.9,46.9,39.4,47.2,41.3,71.2,80.1,75.6,48.6,54.1,97.0,66.6,C
20140429,ZROZ,5.73886,4.72,8.18,5,3.65,5,2.9,0,,50.5472,74.3214,65.6786,65.24516,0,0.0623,47.6221,16.686425,40.9657925,,,,,,,,,,,,,
20140429,DGS,4.94662,5.88,4.72,2.38,3.52,3.99,5.97,5.57846,49.4,30.1,34.3,26.4,29.5,49.5,54.8,53.3,52.4,40.95,42.3,60.0,63.5,35.9,50.4,38.3,76.2,57.3,70.2,55.1,89.5,71.6,C
20140429,BSCF,1.45888,3.46,0.11,5,3.38,5,1.67,0,,44.645,60.38,59.3811,56.73355,50,23.005,1.8893,25.062755,40.8981525,,,,,,,,,,,,,
20140429,PLND,6.24803,6.54,4.56,4,3.89,6.1,6.52,6.04923,49.8,45.9,33.6,27.9,33.2,50.0,51.1,44.8,48.5,40.85,39.9,63.1,64.3,55.0,55.6,44.1,60.0,52.1,28.1,64.6,88.0,60.2,C
20140429,EMDR,7.90851,4.3,8.56,5,3.9,9.92,5.6,5.53231,45.5,51.7,50.0,30.8,40.7,50.0,61.5,14.4,41.0,40.85,50.0,50.0,50.0,50.0,50.0,50.0,50.0,50.0,1.7,50.0,73.0,41.6,C
20140429,COLX,7.02204,6.48,5.45,4.6,4.19,7,6.45,6.74154,51.8,53.2,25.0,16.5,26.4,50.0,13.6,96.2,55.3,40.85,49.3,4.4,98.5,100.0,63.1,37.0,54.0,45.5,10.1,73.7,88.0,57.3,C
20140429,DGL,4.90581,5.97,4.74,5,3.1,5,3.97,0,,48.228,55.9718,53.8219,53.34809,50,0.0623,30.5537,28.212485,40.7802875,,,,,,,,,,,,,
20140429,RINF,5.80056,5.84,5.6,5,3.18,5,6.02,0,,37.2182,32.0413,22.6819,28.39698,50,38.7781,68.4039,53.074795,40.7358875,,,,,,,,,,,,,
20140429,LSTK,5.30486,4.33,6.89,5,3.53,5,4.03,0,,68.4495,28.7296,25.4289,35.02323,50,43.7032,45.0814,46.38945,40.70634,,,,,,,,,,,,,
20140429,MCHI,5.19852,5.53,6.4,4.09,2.56,3.96,5.5,7.11538,55.0,24.8,21.6,21.3,22.1,50.0,62.2,66.2,59.3,40.7,96.0,49.3,65.5,58.4,67.3,39.0,59.1,49.0,70.8,36.8,100.0,69.2,B
20140429,IFSM,4.83033,5.28,5.12,1.87,3.4,5.23,5.04,4.20308,42.8,27.9,28.1,37.6,32.8,50.0,66.2,31.9,48.5,40.65,2.1,56.1,35.0,50.0,35.8,24.7,81.3,53.0,45.5,62.1,100.0,69.2,D
20140429,RLY,3.90108,5.41,1.55,5,3.1,5,5.92,0,,65.8697,48.1759,39.2074,47.23041,50,38.9651,14.0717,34.114625,40.6725175,,,,,,,,,,,,,
20140429,ALD,3.79302,6.19,0.93,5,3.35,5,4.92,0,,56.1889,42.291,24.4843,36.16723,50,79.9875,10.3583,45.121655,40.6444425,,,,,,,,,,,,,
20140429,YMLP,4.25241,5.23,1.06,5,4.7,4.42,6.4,3.36308,37.3,61.5,43.9,26.6,38.8,50.0,66.2,14.7,42.5,40.65,4.5,2.2,0.0,100.0,26.7,50.0,50.0,50.0,61.7,50.0,49.0,53.6,D
20140429,PIN,5.55241,6.53,4.15,5.72,3.14,3.62,7.33,7.28615,55.8,48.6,38.6,33.6,38.1,0.0,75.4,57.6,42.8,40.45,50.4,67.5,99.3,60.3,69.4,45.0,42.8,43.9,77.7,51.2,97.0,75.3,B
20140429,HGI,5.30263,7.12,2.53,5,3.38,5,6.59,0,,50.1173,41.5092,23.7134,34.33292,50,62.2195,29.4463,46.472055,40.4024875,,,,,,,,,,,,,
20140429,CHIE,6.39336,6.93,4.2,5.33,3.75,7.09,5.55,6.56615,50.9,24.5,25.4,23.0,24.0,50.0,23.0,92.2,56.7,40.35,54.8,66.3,60.6,65.0,61.7,65.7,46.7,56.2,8.3,49.2,76.8,44.7,C
20140429,SMB,1.90197,4.65,0.22,5,3.4,5,1.3,0,,37.7915,52.1498,55.5157,50.96109,50,35.5985,4.3648,29.70723,40.33416,,,,,,,,,,,,,
20140429,FCHI,5.96866,5.74,6.94,4.08,2.4,5.51,5.89,7.82615,56.8,29.1,22.7,20.5,22.9,50.0,46.9,74.7,57.7,40.3,97.1,59.7,97.1,47.8,75.4,36.8,59.2,48.0,39.8,31.9,100.0,57.2,B
20140429,JUNR,7.00326,7.43,6.08,1.81,4.25,6.55,5.74,4.41077,43.1,33.3,28.4,4.8,17.6,50.0,59.3,79.1,63.0,40.3,0.0,3.5,50.0,100.0,38.4,44.9,81.9,63.4,19.0,64.3,76.8,53.4,D
20140429,IYG,4.66807,5.83,7.94,1.46,2.26,3.76,2.77,6.53846,52.4,24.6,3.5,29.4,20.7,50.0,66.2,64.2,59.8,40.25,61.5,98.0,52.5,34.0,61.5,14.5,85.4,49.9,74.9,27.9,100.0,67.6,C
20140429,PGF,2.93523,4.36,1.44,3.99,3.38,3.46,5.75,5.11231,46.0,66.4,31.9,42.4,44.0,50.0,51.1,10.2,36.4,40.2,50.0,50.0,50.0,34.5,46.1,11.6,60.1,35.8,80.8,58.5,97.0,78.8,C
20140429,REM,4.76666,6.45,2.92,5,3,5,5.62,0,,19.8502,23.7459,21.6178,21.90271,83.3922,70.4489,23.0619,58.393605,40.1481575,,,,,,,,,,,,,
20140429,GLDX,8.18317,8.73,7.7,1.73,4.9,5.23,6.06,4.80308,46.4,38.2,22.4,20.9,24.8,50.0,25.9,86.3,55.5,40.15,4.5,0.0,66.5,100.0,42.8,44.9,82.7,63.8,45.4,83.8,76.8,68.7,C
20140429,FAN,5.02582,6.37,3.58,2.57,3.36,5.17,6.2,5.66154,50.3,27.3,27.3,41.8,34.5,50.0,39.0,46.8,45.6,40.05,50.4,66.5,47.5,44.2,52.2,70.0,74.3,72.2,46.7,50.4,89.5,62.2,C
20140429,DBO,5.27045,6.11,5.18,5,3.1,5,4.43,0,,39.0945,62.3996,67.3073,60.19243,0,9.7257,48.3388,19.83629,40.01436,,,,,,,,,,,,,
20140429,CEW,3.86663,6.57,0.73,5,3.35,5,4.92,0,,55.6938,41.2269,27.329,37.17133,50,70.4489,11.987,42.83012,40.000725,,,,,,,,,,,,,
20140429,FDD,4.6472,4.37,3.53,3.1,4.39,5.09,6.17,3.16923,38.9,59.9,48.7,28.3,40.7,50.0,43.7,24.6,39.2,39.95,0.0,30.0,33.9,37.5,25.3,39.8,69.0,54.4,48.3,81.2,89.5,73.0,D
20140429,EGPT,7.85199,5.35,8.2,6.82,3.98,5.13,8.11,6.00769,48.0,49.5,42.9,29.6,37.6,50.0,0.1,71.0,42.4,40,33.1,52.1,39.0,100.0,56.0,25.2,31.8,28.5,47.5,67.5,88.0,67.7,C
20140429,PPLT,6.45547,4.92,7.45,5,4.08,5,5.67,0,,53.3225,27.1987,22.4647,30.05646,50,59.2893,41.6938,49.87962,39.96804,,,,,,,,,,,,,
20140429,EMSH,4.16612,5.5,2.86,5,3.18,5,4.67,0,,19.4462,39.6851,49.696,40.64277,50,50,19.3485,39.271975,39.9573725,,,,,,,,,,,,,
20140429,PBW,5.90446,8.11,4.13,2.2,4.14,4.52,5.64,4.54,46.5,12.4,18.1,25.5,20.7,50.0,39.0,85.5,59.1,39.9,35.2,41.6,46.5,37.5,40.2,51.9,78.0,64.9,59.7,81.1,97.0,79.3,C
20140429,MORT,3.91186,5.42,2.53,5,3.4,5,4.03,0,,20.7753,26.7644,24.3974,24.38308,50,84.8504,35.5049,55.381835,39.8824575,,,,,,,,,,,,,
20140429,PIE,5.79278,7.2,3.18,3.94,3.88,4.67,7.39,6.62154,53.4,39.9,31.5,22.6,28.7,50.0,46.9,54.9,50.8,39.75,58.1,68.0,64.0,61.4,62.9,35.0,60.6,47.8,56.7,73.5,97.0,75.7,C
20140429,WOOD,5.31152,5.85,6.15,1.56,3.69,4,5.35,3.99538,43.5,57.0,37.5,56.9,51.1,50.0,6.4,25.9,28.5,39.8,53.5,38.5,2.4,43.2,34.4,31.7,84.4,58.0,70.1,70.6,100.0,80.2,D
20140429,WPS,4.18223,4.83,3.77,5,3,5,4.64,0,,57.7655,42.8773,28.7622,38.79739,50,38.9651,32.5081,40.567365,39.6823775,,,,,,,,,,,,,
20140429,PXH,5.74183,8.26,3.87,4.37,2.89,4.79,5.73,7.69692,57.1,46.3,39.1,25.8,33.9,50.0,16.6,65.1,45.3,39.6,95.2,67.3,98.6,37.5,74.7,42.7,56.3,49.5,54.3,43.8,97.0,65.0,B
20140429,AUNZ,3.98706,6.48,1.58,5,3.35,5,4.22,0,,40.9837,41.4658,29.0228,35.14788,50,70.4489,15.2443,43.970175,39.5590275,,,,,,,,,,,,,
20140429,RWX,5.40843,6.16,4.94,5,3.1,5,5.22,0,,64.2671,47.2856,32.6493,43.36375,50,35.5985,21.4984,35.70399,39.53387,,,,,,,,,,,,,
20140429,LSC,6.40043,7.65,3.56,5,4.15,5,7.09,0,,67.1987,26.3192,25.4615,34.06625,50,70.4489,18.1759,44.996235,39.5312425,,,,,,,,,,,,,
20140429,RYF,3.99066,3.12,5.35,1.49,4.93,4.26,3.73,5.71231,50.5,39.0,28.6,37.4,35.1,50.0,46.9,35.0,43.9,39.5,96.0,33.7,33.5,50.0,53.3,15.2,85.1,50.1,64.9,96.7,88.8,83.5,C
20140429,ICN,4.03649,6.55,1.62,5,3.35,5,4.23,0,,61.4658,41.9435,35.6026,42.67751,50,38.9651,19.8697,36.143925,39.4107175,,,,,,,,,,,,,
20140429,NIB,6.41079,6.82,6.25,5,3.53,5,5.29,0,,21.2052,23.2899,18.2628,20.35941,60.7774,66.2095,49.3811,58.418325,39.3888675,,,,,,,,,,,,,
20140429,RGRI,5.91051,6.1,3.71,5,4.23,5,7.3,0,,20.0847,33.2139,27.3073,27.63476,50,84.8504,22.671,50.88997,39.262365,,,,,,,,,,,,,
20140429,EWX,6.1865,6.8,5.19,4.14,3.7,4.4,6.86,7.00923,55.0,25.3,26.9,28.3,27.3,50.0,54.8,49.4,51.2,39.25,50.7,98.5,54.6,66.7,67.6,34.6,58.6,46.6,62.0,67.9,97.0,75.6,C
20140429,MLN,2.67877,5.14,0.74,5,3.4,5,2.62,0,,27.8111,40.4669,37.4919,36.44824,50,66.2095,12.7036,41.80911,39.128675,,,,,,,,,,,,,
20140429,VEU,4.03191,6,4.93,3.16,2.65,2.81,4.23,4.9,46.0,58.8,41.6,34.3,41.4,0.0,88.9,29.0,36.8,39.1,37.8,47.1,50.6,44.2,44.9,32.7,68.4,50.5,93.9,32.1,92.5,72.8,C
20140429,IPU,4.83253,6.47,3.21,3.26,2.73,6.21,5.46,3.82462,41.1,56.3,37.9,20.8,33.0,50.0,66.2,22.1,45.1,39.05,2.1,47.5,46.0,37.5,33.3,68.5,67.4,67.9,25.8,39.0,97.0,53.9,D
20140429,TUZ,2.58305,5.34,0.08,5,3.65,5,2.59,0,,55.4332,62.5299,57.5136,58.60241,50,6.3591,0.3257,19.521725,39.0620675,,,,,,,,,,,,,
20140429,SLV,4.22852,5.35,4.94,5,3,5,2.27,0,,36.0456,51.2595,51.7155,48.44472,43.4629,13.2793,29.7068,29.593185,39.0189525,,,,,,,,,,,,,
20140429,RING,4.7102,7.48,4.1,2.13,2.61,5.21,3.9,3.34923,38.5,41.0,25.5,4.1,17.9,50.0,54.8,74.8,60.1,39,0.0,2.2,45.5,65.0,28.2,30.9,78.7,54.8,45.8,38.4,100.0,61.4,D
20140429,GSC,7.39539,5.78,5.93,5,4.85,5,8.93,0,,47.5765,43.0945,34.1694,39.52835,50,38.8404,25.798,38.18142,38.854885,,,,,,,,,,,,,
20140429,SCHE,4.59848,7.47,3.49,3.62,3.51,4.13,3.42,7.99231,58.8,40.3,38.6,26.9,33.1,50.0,32.9,48.9,44.5,38.8,59.3,57.4,98.0,100.0,78.7,43.7,63.8,53.8,67.4,45.8,80.5,64.6,B
20140429,EWCS,3.87674,4.49,2.61,1.13,3.33,7.18,5.05,3.75538,40.3,58.7,50.0,29.4,41.4,50.0,50.0,10.0,36.0,38.7,0.0,33.4,33.4,65.0,32.9,32.7,88.7,60.7,6.4,59.8,100.0,55.4,D
20140429,SGOL,6.03499,4.84,7.03,5,4.08,5,4.89,0,,48.5668,56.1455,54.126,53.62001,0,38.9651,34.658,23.81983,38.71992,,,,,,,,,,,,,
20140429,BJK,6.27915,6.08,6.31,3.88,3.54,4.82,6.55,4.54923,41.9,39.9,36.0,59.5,48.6,0.0,6.4,76.9,28.8,38.7,33.4,62.5,30.9,39.3,41.5,5.3,61.2,33.3,53.7,54.2,88.0,65.3,D
20140429,TAGS,7.08975,5.89,8.81,5,4.68,5,3.6,0,,41.7394,17.4593,26.0912,26.63127,50,0.0623,94.9186,50.7402,38.685735,,,,,,,,,,,,,
20140429,WITE,6.40449,6.35,6.26,5,4.08,5,5.13,0,,35.0293,23.4636,20.0109,24.05039,50,66.2095,45.5375,53.300975,38.6756825,,,,,,,,,,,,,
20140429,GDX,5.36147,8.5,6.67,2.02,3.21,2.57,2.68,5.28769,49.1,40.9,26.2,20.4,26.2,48.1,19.3,81.2,51.0,38.6,3.4,60.5,65.8,68.8,49.6,42.7,79.8,61.3,98.6,44.4,88.0,77.0,C
20140429,SOIL,6.13157,8.06,2.69,2.45,4.9,6.23,5.74,6.49692,52.3,40.6,36.0,23.3,30.6,50.0,35.6,52.8,46.6,38.6,32.1,53.5,65.0,100.0,62.7,36.0,75.5,55.8,25.4,83.7,76.8,62.0,C
20140429,GSP,5.80561,6.94,4.76,5,3.53,5,5.14,0,,42.4169,41.7264,34.4734,38.238,50,35.5985,30.8143,38.964555,38.6012775,,,,,,,,,,,,,
20140429,PFF,2.28204,4.11,2.42,1.73,3.18,2.76,4.42,5.14,47.9,69.8,33.2,42.3,45.1,83.0,6.4,3.2,32.1,38.6,50.0,50.0,50.0,42.0,48.0,15.6,82.7,49.2,94.9,55.3,100.0,83.4,C
20140429,ESR,6.82851,7.88,5.93,4.73,2.8,5.4,6.53,6.80154,52.7,36.6,7.7,18.8,19.0,50.0,32.6,87.7,58.0,38.5,59.9,63.6,99.0,41.6,66.1,41.0,52.7,46.9,42.1,43.9,100.0,62.0,C
20140429,BIK,5.87627,8.12,4.67,4.55,3.4,4.62,4.55,6.84308,54.2,37.4,28.3,21.7,26.8,50.0,29.6,67.8,50.1,38.45,69.8,53.8,98.7,44.2,66.6,45.4,54.5,49.9,57.7,59.0,97.0,71.2,C
20140429,DXKW,4.27521,6.19,2.02,5,3.35,5,5.04,0,,13.8567,19.7068,48.6319,32.99933,50,29.3017,50.0326,43.80192,38.400625,,,,,,,,,,,,,
20140429,TZD,3.29124,4.2,3.95,5,3,5,2.05,0,,19.8371,30.0869,36.1672,31.07709,50,84.8504,7.7524,45.66846,38.372775,,,,,,,,,,,,,
20140429,GNAT,5.78241,7.28,4.04,2.57,3.71,6.53,5.02,6.74615,54.4,44.1,42.6,29.6,36.4,50.0,25.9,42.7,40.2,38.3,49.5,58.9,98.3,56.2,65.7,68.9,74.3,71.6,19.4,60.9,89.5,56.6,C
20140429,COPX,6.52894,8.06,3.73,1.81,4.78,5.5,6.87,5.59692,49.5,27.7,32.7,21.9,26.3,50.0,43.7,56.0,50.2,38.25,32.3,63.5,62.5,55.0,53.3,44.8,81.9,63.4,40.1,80.1,76.8,65.7,C
20140429,EWJ,1.56318,3.08,2.19,0.83,2.81,2.72,4.72,6.99538,57.3,40.7,25.2,20.9,26.1,30.7,70.4,52.5,50.3,38.2,63.0,96.3,65.5,49.0,68.5,41.0,91.7,66.3,95.6,44.3,100.0,79.9,B
20140429,LEMB,3.49205,4.74,1.8,5,3,5,5.2,0,,54.4821,27.3616,32.063,35.1364,50,51.1222,24.0391,41.250345,38.1933725,,,,,,,,,,,,,
20140429,MDD,4.95313,5.42,3.85,3.92,3.66,5.65,5.35,5.18154,46.0,46.1,38.7,29.8,35.7,50.0,54.8,19.0,40.6,38.15,2.1,55.0,38.4,100.0,48.9,29.2,60.8,45.0,37.0,66.8,97.0,66.9,C
20140429,GLTR,6.60479,6.1,7,5,4.08,5,5.13,0,,29.1661,21.9001,19.772,22.28925,50,79.9875,35.7003,53.991355,38.1403025,,,,,,,,,,,,,
20140429,BSV,2.77257,5.57,0.66,5,3.25,5,2.67,0,,63.4723,61.6178,53.9522,58.1559,50,0.0623,1.1075,17.906315,38.0311075,,,,,,,,,,,,,
20140429,LVL,4.86058,6.65,2.46,2.22,3.93,5.32,6.03,4.50769,44.7,47.0,45.0,35.9,40.8,50.0,29.6,24.8,35.1,37.95,2.6,58.1,50.3,56.1,41.8,45.4,77.8,61.6,43.6,66.6,88.8,66.3,D
20140429,DVYE,4.47539,5.78,3.9,5,3,4.63,4.48,5.00615,46.0,19.2,34.7,23.9,26.2,50.0,59.3,41.1,49.7,37.95,47.8,43.2,47.8,50.0,47.2,50.0,50.0,50.0,57.5,50.0,100.0,69.2,C
20140429,VWOB,3.91046,5.65,2.6,5,3.25,5,3.8,0,,28.0065,18.1325,48.241,35.16155,50,65.586,9.9674,40.66439,37.91297,,,,,,,,,,,,,
20140429,JJM,6.38866,6.91,6.38,5,3.53,5,4.87,0,,31.5896,41.2052,24.0282,30.69358,50,66.2095,22.0847,45.092495,37.8930375,,,,,,,,,,,,,
20140429,FTY,4.44002,4.56,4.78,5,3,5,4.48,0,,56.1173,47.1336,36.8621,43.79459,50,23.005,21.6287,31.971545,37.8830675,,,,,,,,,,,,,
20140429,RTL,3.98695,3.6,4.82,5,3,5,4.18,0,,56.8664,39.7068,33.9957,40.28317,50,38.9651,17.9153,35.459885,37.8715275,,,,,,,,,,,,,
20140429,GLDI,4.64833,6.06,2.2,5,4.25,4.37,5.61,5.44923,46.8,29.1,19.3,21.8,22.5,50.0,80.0,33.4,53.2,37.85,50.0,50.0,50.0,58.4,52.1,50.0,50.0,50.0,62.7,50.0,62.5,58.4,C
20140429,UHN,6.2193,5.92,5.36,5,3.95,5,6.65,0,,33.088,33.8436,28.3496,30.94548,50,25.8728,55.4397,44.665735,37.8056075,,,,,,,,,,,,,
20140429,VXX,6.73831,5.43,9.16,5,3.53,5,4.21,0,,12.4886,18.6862,17.4484,16.82778,65.7244,23.005,82.2801,58.703075,37.7654275,,,,,,,,,,,,,
20140429,PBP,4.36808,5.11,1.93,5,3.1,5,7.5,0,,49.0423,39.8588,17.8719,30.70205,50,66.2095,20.8469,44.659265,37.6806575,,,,,,,,,,,,,
20140429,SPFF,2.78583,4,0.35,2.67,4.62,4.67,4.98,1.51692,30.5,63.5,43.7,24.7,38.2,50.0,54.8,9.0,37.1,37.65,0.0,0.0,0.0,38.6,9.7,18.5,73.3,45.9,56.6,75.3,76.8,69.6,D
20140429,RBL,7.11554,8.63,6.29,5.37,2.75,4.65,6.42,7.80769,58.1,35.1,7.0,18.0,18.1,50.0,25.9,90.4,56.9,37.5,96.3,65.2,97.8,52.8,78.0,63.0,46.3,54.6,57.0,39.5,97.0,64.5,B
20140429,MUAC,2.61413,6.64,0.37,5,3,5,1.29,0,,41.9609,55.1249,52.9099,51.3846,50,19.2643,0.7166,23.5301,37.45735,,,,,,,,,,,,,
20140429,FOIL,6.90046,6.08,7.38,5,3.53,5,6.49,0,,13.8567,11.2486,21.4441,16.86797,50,88.9027,39.4788,57.98839,37.42818,,,,,,,,,,,,,
20140429,YYY,6.97104,6.01,6.4,5,5.9,5,4.75,0,,47.0814,41.3789,5.9066,24.78325,50,88.9027,16.4821,49.939545,37.3613975,,,,,,,,,,,,,
20140429,XHB,3.79886,4.6,5.92,1.6,4.43,3.01,1.91,4.52615,46.6,14.4,1.1,22.8,14.6,91.2,16.6,66.3,60.1,37.35,53.5,48.0,33.6,35.3,42.6,22.9,84.0,53.4,89.9,90.0,97.0,92.3,C
20140429,JXI,4.39982,5.31,4.6,1.68,3.24,4.45,5.32,4.96923,48.4,68.3,48.9,29.2,42.9,50.0,29.6,15.4,31.8,37.35,37.8,40.5,53.9,57.1,47.4,62.5,83.2,72.8,61.0,57.3,100.0,72.8,C
20140429,KROO,7.6604,6.74,6.98,1.16,4.57,6.92,7.32,5.51846,46.7,19.3,32.1,25.5,26.3,50.0,9.1,80.3,48.3,37.3,31.6,64.5,52.6,65.0,53.4,28.9,88.4,58.6,11.6,61.1,64.0,45.6,C
20140429,MINC,3.86912,5.68,0.26,5,4.03,5,5.96,0,,14.6645,21.5961,48.7188,33.77113,50,75.4364,1.759,40.74657,37.25885,,,,,,,,,,,,,
20140429,RJI,5.1302,6.72,1.25,5,4.15,5,7.33,0,,59.1466,47.4593,40.7492,46.44171,50,19.2643,13.4853,27.999145,37.2204275,,,,,,,,,,,,,
20140429,IYZ,3.90998,5.39,4.29,1.38,3.81,3.79,3.83,4.45692,45.8,27.9,21.5,27.7,25.9,50.0,23.0,68.9,48.5,37.2,31.4,43.5,50.9,42.2,42.0,29.9,86.2,58.1,74.3,74.3,100.0,82.9,C
20140429,MOM,8.59522,5.76,8.65,5,4.98,6.67,7.43,7.17538,52.1,12.0,1.5,19.3,12.5,50.0,38.8,93.4,61.8,37.15,52.8,69.5,63.9,100.0,71.5,50.0,50.0,50.0,16.6,50.0,40.8,35.8,C
20140429,USMI,7.34215,5.75,7.08,5,3.95,7.5,5.92,0,,52.8925,38.5125,27.4159,35.8402,50,4.4888,55.7655,38.364565,37.1023825,,,,,,,,,,,,,
20140429,CANE,6.50975,5.93,4.79,5,4.68,5,7.45,0,,18.8925,12.4864,7.6004,11.32462,50,46.9451,89.3811,62.866915,37.0957675,,,,,,,,,,,,,
20140429,IBCD,4.39137,5.54,4.93,5,3,5,2.61,0,,24.241,34.6037,30.5755,30.51706,50,74.9377,10.0977,43.515505,37.0162825,,,,,,,,,,,,,
20140429,FIVZ,5.5049,5.38,6.95,5,3.65,5,2.9,0,,46.7427,58.8382,53.5831,53.79155,50,0.0623,7.2964,20.07243,36.93199,,,,,,,,,,,,,
20140429,LIT,5.66259,8.5,3.72,2.04,3.71,5.28,4.75,4.84923,44.8,24.0,20.5,24.0,23.0,50.0,25.9,72.6,50.7,36.85,34.0,55.7,41.6,55.0,46.6,37.1,79.6,58.3,44.4,48.1,76.8,56.4,D
20140429,AGLS,6.25374,5.61,3,5,4.03,6.44,9.22,8.5,58.9,31.4,25.7,19.7,23.8,50.0,19.3,75.7,49.8,36.8,97.7,51.8,95.3,100.0,86.2,50.0,50.0,50.0,21.3,50.0,69.2,46.9,B
20140429,FCA,7.43792,6.22,5.5,6.66,4.03,6.61,7.86,5.82769,47.2,2.5,18.4,19.9,16.0,50.0,46.9,74.1,57.5,36.75,50.8,57.8,58.4,62.5,57.3,39.5,33.4,36.5,17.8,70.3,89.5,59.2,C
20140429,EWEM,6.04732,5.54,5.17,3.35,4.29,6.58,5.59,6.47385,51.6,12.2,26.4,27.2,23.9,50.0,70.4,30.9,49.4,36.65,54.8,54.8,96.0,52.2,64.4,33.2,66.5,49.9,18.4,77.5,88.8,61.6,C
20140429,CHOC,5.41362,4.83,6.66,5,3.53,5,4,0,,14.8208,22.6602,19.2834,19.40392,50,70.4489,43.8436,53.97993,36.691925,,,,,,,,,,,,,
20140429,PLTM,7.19619,8.59,4.37,3.42,4.13,6.29,6.93,5.53692,48.0,22.3,27.6,23.9,24.7,50.0,9.7,80.8,48.7,36.7,42.2,49.4,59.1,65.9,54.2,42.7,65.8,54.3,24.3,73.3,89.5,62.4,C
20140429,EMMT,6.10798,7.58,4.25,2.78,2.99,6.21,6.76,6.08615,49.6,11.1,20.6,19.4,18.1,50.0,51.1,63.8,55.2,36.65,36.6,56.4,97.7,50.0,60.2,27.6,72.2,49.9,25.9,49.6,100.0,58.5,C
20140429,SLVO,5.18249,5.88,3.67,5,4.25,4.37,5.62,5.33846,46.3,14.5,17.1,23.1,19.6,50.0,84.5,31.0,53.7,36.65,50.0,50.0,50.0,58.4,52.1,50.0,50.0,50.0,62.7,50.0,62.5,58.4,C
20140429,IEF,3.34554,4.83,3.12,5,3,5,2.56,0,,58.0651,64.506,56.6884,59.30902,30.0353,0.0623,9.6417,13.90564,36.60733,,,,,,,,,,,,,
20140429,GGGG,7.6562,8.43,6.17,1.73,4.9,6.82,5.29,6.67231,53.5,51.5,36.0,7.8,25.0,50.0,9.7,79.3,48.2,36.6,43.5,57.9,65.0,100.0,66.6,44.9,82.7,63.8,13.6,83.8,76.8,58.1,C
20140429,PTM,6.40956,7.37,4.26,5,3.73,5,7.14,0,,51.0945,26.7861,22.291,29.40023,0,75.4364,59.3485,43.402895,36.4015625,,,,,,,,,,,,,
20140429,VIXY,6.6934,5.82,8.69,5,3.18,5,4.68,0,,12.4495,18.5559,17.4701,16.79172,46.9965,35.5985,82.4104,55.971965,36.3818425,,,,,,,,,,,,,
20140429,GRI,5.69681,6.19,4.21,5,5.08,5,4.37,0,,62.873,46.0695,33.4745,43.1327,50,9.7257,25.2117,29.241805,36.1872525,,,,,,,,,,,,,
20140429,BRXX,6.46915,6.43,3.5,4.39,4.61,5.82,8.08,5.20462,46.5,24.1,37.7,20.4,26.3,50.0,13.6,69.5,45.9,36.1,59.0,45.0,46.0,55.0,51.2,55.6,56.1,55.8,33.7,71.9,73.8,59.8,C
20140429,RJA,5.31283,7.15,1.21,5,4.15,5,7.4,0,,68.5798,31.1183,45.1792,45.64105,0,51.1222,32.0521,26.554895,36.0979725,,,,,,,,,,,,,
20140429,KRE,4.57804,4.03,6.84,1.6,4.4,3.01,4.28,5.04308,48.4,10.4,16.9,24.9,19.6,54.1,54.8,48.9,52.5,36.05,58.4,95.5,39.5,4.8,49.5,14.8,84.0,49.4,89.8,88.9,97.0,91.9,C
20140429,FGD,4.6888,4.62,3.57,2.68,4.49,4.84,6.19,2.53231,36.7,69.4,49.3,28.4,42.9,50.0,19.3,16.8,29.2,36.05,1.9,50.4,2.6,34.2,22.3,42.7,73.2,58.0,53.3,84.2,89.5,75.7,D
20140429,FXB,4.95407,5.36,5.2,5,3.38,5,3.96,0,,62.6775,46.2432,26.6884,39.75266,76.6784,9.7257,7.2313,32.286105,36.0193825,,,,,,,,,,,,,
20140429,EMB,4.89238,6.29,4.02,5,3,5,4.68,0,,70.0782,59.9783,64.7231,64.37068,0,9.7257,11.8567,7.067555,35.7191175,,,,,,,,,,,,,
20140429,FKO,6.6743,5.81,5.47,2,4.07,6.77,7.85,5.14923,46.5,33.8,32.3,11.3,22.1,50.0,23.0,71.1,49.3,35.7,41.6,48.5,53.1,60.7,51.0,39.0,80.0,59.5,14.6,71.7,89.5,58.6,C
20140429,WDTI,4.70937,6.57,1.23,5,3.35,5,7.24,0,,63.329,46.1346,28.5668,40.78958,50,29.5511,11.9218,30.53796,35.66377,,,,,,,,,,,,,
20140429,VIIX,7.70845,5.63,9.33,5,3.9,5,6.63,0,,12.3844,18.6428,17.5136,16.82652,50,25.8728,82.6059,54.173905,35.5002125,,,,,,,,,,,,,
20140429,IFAS,4.17384,4.65,3.76,5,3,5,4.88,0,,28.0586,34.5385,20.1846,26.06557,50,54.8005,31.3355,44.907575,35.4865725,,,,,,,,,,,,,
20140429,SIVR,4.41222,5.3,5.25,5,4.08,5,0.94,0,,36.8404,51.3681,51.7807,48.66886,34.629,0.0623,28.7296,22.1942,35.43153,,,,,,,,,,,,,
20140429,CUT,5.50951,5.75,4.46,3.25,4.22,4.76,6.35,4.37385,43.6,14.4,1.6,23.1,14.9,50.0,84.9,36.9,55.9,35.4,48.7,34.2,32.2,56.2,42.9,33.7,67.5,50.6,54.8,75.4,88.8,73.0,D
20140429,RJZ,5.19707,6.5,1.65,5,4.15,5,7.3,0,,16.9446,24.8317,20.3149,20.99588,50,84.8504,19.2834,49.70431,35.350095,,,,,,,,,,,,,
20140429,KCE,6.21454,5.94,7.44,1.92,4.2,4.92,4.7,5.14,47.2,31.5,5.7,26.9,21.4,50.0,16.6,76.4,49.2,35.3,49.0,47.8,45.0,63.5,51.3,14.9,80.8,47.9,51.6,83.1,97.0,77.2,C
20140429,CHIQ,4.96189,6.49,3.55,5.25,4.15,4.68,3.79,5.91538,48.3,16.0,18.2,19.3,18.3,50.0,32.9,71.3,52.3,35.3,64.4,62.5,56.8,55.0,59.7,29.9,47.5,38.7,56.5,61.3,76.8,64.8,C
20140429,AGND,3.9539,5.93,0.93,5,3.35,7.5,3.4,0,,13.3225,37.8176,49.8263,38.92293,50,38.9651,6.3844,31.42407,35.1735,,,,,,,,,,,,,
20140429,PGX,2.08103,4.07,1.01,3.5,3.07,3.22,4.67,3.93077,41.1,68.1,31.9,42.9,44.7,50.0,16.6,9.1,25.7,35.2,50.0,50.0,50.0,3.4,38.3,14.3,65.0,39.7,85.6,49.1,97.0,77.2,D
20140429,SLVP,5.94366,6.57,7.19,1.7,2.85,6.32,3.9,2.68,35.2,40.7,21.8,0.9,15.1,50.0,35.6,76.1,54.8,34.95,0.0,0.0,0.0,100.0,25.0,28.1,83.0,55.6,23.7,45.5,100.0,56.4,D
20140429,GWX,4.69968,5.36,3.75,5,3.1,4.74,5.87,5.83231,49.4,53.0,34.5,33.7,37.8,50.0,23.0,20.5,31.6,34.7,38.1,58.1,45.2,96.2,59.4,50.0,50.0,50.0,55.3,50.0,97.0,67.4,C
20140429,GOVT,2.70511,5.86,0.32,5,3,5,2.87,0,,38.2866,34.6471,31.2161,33.6595,50,51.1222,7.4919,35.458825,34.5591625,,,,,,,,,,,,,
20140429,ILB,4.43396,5.67,2.51,5,3.65,5,5.21,0,,48.4625,25.5592,33.9522,34.33636,50,23.005,29.2508,34.63928,34.48782,,,,,,,,,,,,,
20140429,BZF,4.5817,6.56,2.94,5,3.35,5,4.22,0,,41.4919,27.1661,20.1086,26.50251,50,38.9651,37.7199,42.391495,34.4470025,,,,,,,,,,,,,
20140429,GSGO,7.4293,6.34,6.84,5,3.95,7.5,5.71,0,,3.2834,19.4028,20.4669,16.71097,50,5.4239,94.3322,52.14344,34.427205,,,,,,,,,,,,,
20140429,EWAS,4.57317,5.66,3.59,1.16,3.23,6.61,5.05,2.34308,33.9,14.3,30.2,26.8,25.3,50.0,50.0,31.5,43.5,34.4,0.0,32.5,0.0,55.0,21.9,22.8,88.4,55.6,17.8,57.0,100.0,58.3,D
20140429,DRW,5.45144,6.46,4.63,5,3.35,5,5.01,0,,60.228,47.3941,32.4756,42.50163,50,0.0623,24.43,26.06919,34.28541,,,,,,,,,,,,,
20140429,RGRC,6.67223,5.45,6.23,5,4.23,5,7.29,0,,63.5635,48.0456,26.0803,40.16653,50,16.6459,16.7427,28.353715,34.2601225,,,,,,,,,,,,,
20140429,IAI,5.01314,5.69,6.83,1.37,4.21,4.09,2.72,4.40154,44.9,21.7,7.6,32.2,22.7,50.0,9.7,71.5,45.5,34.1,40.8,42.4,38.7,55.9,44.5,13.7,86.3,50.0,68.3,86.2,100.0,84.8,D
20140429,MRGR,4.69091,4.54,1.08,5,3.18,9.69,6.02,4.51692,42.0,10.7,5.4,61.3,34.4,50.0,50.0,3.4,33.7,34.05,60.7,32.1,32.1,58.4,45.8,50.0,50.0,50.0,6.3,50.0,94.8,50.4,D
20140429,FORX,4.69144,5.84,2.74,5,3.65,5,5.56,0,,44.8273,38.7948,26.4278,33.8178,50,29.5511,22.0195,34.072155,33.9449775,,,,,,,,,,,,,
20140429,GEX,7.65015,7.74,8.33,2.5,3.62,5.17,6.25,5.62923,50.2,15.6,4.3,33.5,21.1,50.0,6.4,78.0,46.7,33.9,34.1,54.5,43.4,100.0,58.0,66.7,75.0,70.8,46.6,56.6,88.0,63.7,C
20140429,YAO,5.60086,5.93,4.57,5.02,2.89,5.66,6.47,7.34154,54.1,23.9,20.7,20.6,21.3,50.0,16.6,66.1,45.6,33.45,98.2,58.4,96.3,55.0,77.0,41.5,49.8,45.6,36.8,35.4,88.8,53.6,C
20140429,EMCD,4.79663,5.63,4.34,5,3.1,5,4.68,0,,19.1075,28.7188,26.4169,25.64559,50,46.9451,26.1889,40.749645,33.1976175,,,,,,,,,,,,,
20140429,BLNG,6.19148,4.84,8.53,5,3.53,5,4.04,0,,24.4886,24.8969,21.2486,22.99109,50,5.5486,68.5342,43.15155,33.07132,,,,,,,,,,,,,
20140429,PZT,2.5003,4.5,0.65,5,3.1,5,3.53,0,,40.684,28.8599,38.5559,36.07272,50,29.5511,9.772,29.78553,32.929125,,,,,,,,,,,,,
20140429,PZA,2.29647,4.09,0.65,5,3.1,5,3.39,0,,46.8078,30.5755,41.9001,39.48426,50,16.6459,10.4886,26.16478,32.82452,,,,,,,,,,,,,
20140429,NUCL,4.56932,4.96,4.05,1.56,4.08,5.79,4.76,4.91385,48.0,43.7,38.2,38.1,39.2,50.0,0.1,25.0,26.3,32.75,55.1,58.4,48.8,43.2,51.4,59.2,84.4,71.8,34.2,82.3,100.0,72.2,C
20140429,VTIP,2.74343,5.82,0.34,5,3.25,5,2.67,0,,35.5114,40.1412,47.3073,42.79829,50,13.591,1.9544,22.26134,32.529815,,,,,,,,,,,,,
20140429,IGN,5.00172,7.09,5.89,1.33,3.5,4.83,2.32,5.30615,49.6,22.4,3.4,29.2,20.1,0.0,66.2,71.7,44.9,32.5,56.4,61.0,49.0,57.4,55.9,53.1,86.7,69.9,53.4,64.9,100.0,72.8,C
20140429,MTK,5.5753,5.58,6.8,1.45,4.42,5.93,2.77,5.38462,49.6,24.6,3.9,33.4,22.8,50.0,0.1,70.2,42.1,32.45,59.6,60.0,53.5,54.0,56.8,47.6,85.5,66.6,31.4,89.7,97.0,72.7,C
20140429,VIXM,5.52423,6.38,5.61,5,3.18,5,4.19,0,,11.4463,17.5787,16.9707,16.04822,50,32.8554,59.0879,48.037385,32.0428025,,,,,,,,,,,,,
20140429,WIP,3.90297,4.95,2.86,5,3.1,5,4.65,0,,54.0261,30.8795,37.6873,38.91272,50,13.591,9.8371,25.020285,31.9665025,,,,,,,,,,,,,
20140429,SDIV,4.40624,5.75,2.64,2.56,5.25,3.64,4.98,1,30.4,59.1,47.2,26.4,39.2,0.0,59.3,19.7,24.7,31.95,0.0,0.0,0.0,39.3,9.8,34.3,74.4,54.3,77.2,94.2,76.8,82.7,D
20140429,SNLN,4.30181,6.15,0.19,5,5.38,5,4.9,0,,52.6971,22.5081,45.3094,39.94655,50,13.591,6.1238,23.72063,31.83359,,,,,,,,,,,,,
20140429,BABZ,4.30702,4.55,3.32,5,3.65,5,5.21,0,,31.6417,36.1455,24.5494,29.44669,50,35.5985,15.0489,33.446665,31.4466775,,,,,,,,,,,,,
20140429,BIZD,4.14219,5.04,1.62,1.38,3.62,5.79,7.5,3.18308,37.2,13.2,0.8,26.1,15.9,50.0,66.2,27.3,46.9,31.4,36.1,0.0,41.6,58.4,34.0,15.0,86.2,50.6,34.3,56.7,88.0,59.7,D
20140429,CHXX,6.79838,5.47,4.94,4.18,4.65,6.99,7.44,6.94923,53.4,14.6,20.6,20.3,19.2,50.0,35.6,44.1,43.6,31.4,68.0,99.0,67.0,65.0,74.8,54.8,58.2,56.5,10.3,73.2,73.8,52.4,C
20140429,CHIM,7.14362,6.07,6.02,5.72,4.55,7.02,5.51,7.44769,53.4,11.4,22.8,21.1,19.7,50.0,9.7,63.8,42.7,31.2,57.4,69.1,95.1,100.0,80.4,27.0,42.8,34.9,9.7,73.2,76.8,53.2,C
20140429,HILO,5.96665,7.38,2.23,4.38,4.98,5.54,6.45,4.74308,44.0,31.1,31.7,18.9,25.2,50.0,16.6,41.4,37.0,31.1,61.0,46.9,59.4,37.5,51.2,35.4,56.2,45.8,39.2,83.1,73.8,65.4,D
20140429,PEK,7.10676,6.32,6.58,5.87,3.38,5.97,6.91,4.80769,40.8,22.2,19.9,18.1,19.5,50.0,0.1,70.7,42.3,30.9,50.0,50.0,50.0,58.4,52.1,0.0,41.3,20.7,30.6,49.4,88.0,56.0,D
20140429,ISHG,3.82339,5.23,3.44,5,3,5,3.22,0,,25.7394,30.8035,30.3692,29.57353,50,38.9651,7.101,31.67488,30.624205,,,,,,,,,,,,,
20140429,JPP,4.15595,3.34,5.61,0.85,2.79,5.65,5.77,6.35385,52.4,48.9,26.5,21.4,28.4,50.0,0.1,42.9,32.5,30.45,64.3,99.5,61.4,51.9,69.3,42.8,91.5,67.2,37.1,40.7,97.0,58.3,C
20140429,CYB,3.3542,6.22,0.29,5,3.35,5,4.22,0,,38.6775,18.3822,0.0434,13.27186,63.6042,79.9875,3.9739,47.648585,30.4602225,,,,,,,,,,,,,
20140429,CCX,5.43175,6.39,4.72,5,3.35,5,4.92,0,,36.1629,32.5407,24.5277,29.25864,50,32.8554,11.3355,31.324045,30.2913425,,,,,,,,,,,,,
20140429,JSC,4.21975,2.93,5.54,1.02,3.64,5.73,5.28,6.40923,53.6,60.2,30.7,22.1,32.3,50.0,0.1,30.0,28.0,30.15,61.5,69.9,49.5,100.0,70.2,46.6,89.8,68.2,35.5,66.1,97.0,66.2,C
20140429,SRLN,3.51215,5.83,0.18,5,3.1,5,5.92,0,,16.0195,17.8176,49.0662,33.08228,50,25.8728,5.342,27.13154,30.10691,,,,,,,,,,,,,
20140429,ITB,3.3924,4.99,5.63,1.37,3.25,2.89,2.27,3.95385,43.0,21.2,2.5,23.2,16.6,39.9,13.6,72.1,43.3,29.95,53.0,49.4,37.1,35.6,43.8,17.0,86.3,51.6,92.3,57.6,100.0,83.3,D
20140429,COW,3.95779,5.11,2.68,5,3.53,5,4.24,0,,50.8208,22.0847,29.2074,31.39327,0,54.8005,33.6808,28.22843,29.81085,,,,,,,,,,,,,
20140429,STPP,5.45751,5.22,3.7,5,3.53,5,8.03,0,,27.2638,27.6547,24.0065,25.75242,50,6.3591,40.456,33.56733,29.659875,,,,,,,,,,,,,
20140429,PRB,2.29063,5.33,0.33,5,3.4,5,1.54,0,,51.0033,36.8404,23.7459,33.12573,50,19.2643,7.9479,26.061055,29.5933925,,,,,,,,,,,,,
20140429,DBB,4.46883,5.84,3,5,3.1,5,5.17,0,,20.6189,32.3887,20.8795,24.28014,50,35.5985,17.3941,34.267485,29.2738125,,,,,,,,,,,,,
20140429,PERM,3.84875,6.08,1.14,5,3.78,5,4.33,0,,23.1987,28.1325,26.1564,26.15769,50,25.6858,20.3257,32.319735,29.2387125,,,,,,,,,,,,,
20140429,GNMA,3.16146,5.72,1.32,5,3,5,3.25,0,,39.6156,33.7785,11.5527,23.83302,50,46.9451,7.8827,34.342475,29.0877475,,,,,,,,,,,,,
20140429,PHB,3.33826,5.94,0.77,5,3.1,5,4.25,0,,24.8404,33.0836,33.5179,31.65211,50,25.8728,2.2801,26.059875,28.8559925,,,,,,,,,,,,,
20140429,EBND,3.60028,6.13,1.39,5,3.1,5,3.97,0,,38.3778,27.557,26.9815,29.43341,50,16.6459,15.6352,27.96609,28.69975,,,,,,,,,,,,,
20140429,BDCS,4.88976,3.63,4.51,5,3.73,5.24,6.59,4.00923,40.5,11.8,0.3,18.5,11.7,50.0,62.2,26.4,45.4,28.55,50.0,50.0,50.0,33.4,45.8,50.0,50.0,50.0,45.2,50.0,78.2,57.8,D
20140429,CHII,5.89214,6.38,4.11,5.23,4.35,7.06,3.87,6.60308,50.9,0.1,17.9,21.4,16.1,50.0,4.5,62.6,40.8,28.45,64.4,66.3,65.4,100.0,74.0,48.2,47.7,48.0,8.9,67.1,76.8,50.9,C
20140429,DBEM,6.94914,4.76,5.41,7.7,6.21,5.79,5.44,5.68,41.3,20.4,27.8,7.3,16.1,50.0,29.6,37.8,39.6,27.85,61.4,59.9,95.5,41.6,64.6,10.3,23.0,16.6,34.2,46.3,0.0,26.8,D
20140429,DFJ,3.93093,3.23,5.31,0.77,3.87,4.7,4.92,5.81385,51.5,64.3,36.9,25.3,36.6,0.0,13.6,42.0,18.8,27.7,63.3,97.8,53.5,50.0,66.2,46.9,92.3,69.6,56.0,65.7,89.5,70.4,C
20140429,GWL,3.64825,5.35,3.57,3.5,2.75,4.37,3.97,3.70462,39.9,59.7,41.9,36.9,43.0,0.0,6.4,28.5,11.9,27.45,32.8,57.5,46.5,37.5,43.6,32.6,65.0,48.8,62.7,39.6,97.0,66.4,D
20140429,SST,2.75991,5.46,0.84,5,3.1,5,2.74,0,,29.8827,29.2834,24.2454,26.88426,50,29.5511,4.1694,27.82462,27.35444,,,,,,,,,,,,,
20140429,CAD,5.03607,5.88,4.46,5,3.65,5,4.18,0,,19.5244,25.9175,20.2063,21.78328,50,4.8005,39.8697,32.894545,27.3389125,,,,,,,,,,,,,
20140429,TDTF,2.82035,5.11,0.45,5,3.8,5,3.03,0,,42.5472,39.3377,23.8545,32.238,50,9.7257,4.1042,21.85418,27.04609,,,,,,,,,,,,,
20140429,GLCB,3.98949,5.47,2.24,5,3.35,5,4.74,0,,0.0782,17.6656,47.1987,28.91467,50,13.591,9.4462,24.88347,26.89907,,,,,,,,,,,,,
20140429,FTSL,3.89631,5.92,0.42,5,3.35,5,6.46,0,,18.2606,17.2747,48.9794,33.32423,50,5.1122,4.0391,20.447345,26.8857875,,,,,,,,,,,,,
20140429,ELD,4.27713,6.36,1.93,5,3.35,5,4.93,0,,37.9349,34.582,19.924,27.92358,50,9.7257,13.4202,25.11478,26.51918,,,,,,,,,,,,,
20140429,BSCI,3.96815,6.36,2.3,5,3.38,5,3.21,0,,24.9316,29.0879,27.633,27.52919,50,23.005,2.8664,25.40474,26.466965,,,,,,,,,,,,,
20140429,XVIX,4.36539,5.76,1.27,5,3.73,5,6.57,0,,18.658,23.8328,17.7742,19.76854,50,23.005,20.3909,31.538315,25.6534275,,,,,,,,,,,,,
20140429,BIL,1.38255,4.5,0.02,5,3.1,5,0.38,0,,40.1368,27.1336,21.0749,26.70489,50,23.005,0.1303,24.447105,25.5759975,,,,,,,,,,,,,
20140429,EMLC,3.63605,6.01,1.13,5,3.4,5,4.22,0,,45.9088,22.3453,21.0315,26.4011,50,9.7257,11.5961,24.476345,25.4387225,,,,,,,,,,,,,
20140429,TAO,4.75448,4.74,4.07,5,3.38,5,5.85,0,,33.0749,29.8046,21.1618,26.13726,0,9.7257,61.8893,24.578965,25.3581125,,,,,,,,,,,,,
20140429,GSG,5.7185,6.23,4.55,5,3,5,6.98,0,,41.0228,40.7275,33.5831,37.21436,0,13.591,25.1466,12.87861,25.046485,,,,,,,,,,,,,
20140429,KBE,4.7877,4.65,6.52,1.55,4.63,2.95,4.31,4.64154,46.9,10.8,0.5,25.7,15.2,33.2,16.6,51.4,34.6,24.9,49.2,95.7,42.4,37.9,56.3,15.0,84.5,49.7,91.0,96.0,97.0,94.7,C
20140429,EMCB,3.95355,5.48,1.8,5,3.35,5,5.26,0,,25.5049,28.6536,24.7883,26.09121,50,0.0623,15.8306,23.0594,24.575305,,,,,,,,,,,,,
20140429,ECNS,5.89319,4.98,6.17,3.96,3.24,6.3,5.94,4.48923,41.2,10.7,0.9,22.4,13.6,50.0,5.2,45.2,34.9,24.25,51.8,50.6,56.4,62.5,55.3,6.0,60.4,33.2,24.1,57.1,100.0,60.4,D
20140429,JEM,6.41378,5.29,6.98,5,4.05,5,5.71,0,,47.4723,12.3344,19.62,23.00478,50,0.0623,22.8013,25.499145,24.2519625,,,,,,,,,,,,,
20140429,HAO,6.18874,5.98,5.11,6.5,3.86,4.33,6.86,6.75077,52.5,10.3,0.4,20.1,12.2,0.0,39.0,64.7,34.3,23.25,60.8,98.7,95.9,67.8,80.8,37.9,35.0,36.5,63.5,64.5,88.8,72.2,C
20140429,XVZ,5.05656,5.91,2.55,5,3.53,5,7.26,0,,10.443,16.8621,16.6884,15.49143,50,29.5511,11.7264,30.46957,22.9805,,,,,,,,,,,,,
20140429,BKLN,3.50356,5.54,0.46,5,3.1,5,5.91,0,,35.342,18.8817,18.9468,22.20631,50,13.591,5.6026,23.53821,22.87226,,,,,,,,,,,,,
20140429,VRD,1.36143,3.96,0.16,5,3.1,5,0.91,0,,25.0619,23.8111,21.7047,23.00806,50,9.7257,4.5603,22.013815,22.5109375,,,,,,,,,,,,,
20140429,PVI,2.66701,7.17,0.06,5,3.1,5,1.01,0,,14.3844,24.1151,21.683,20.95291,50,13.591,0.1954,21.64569,21.2993,,,,,,,,,,,,,
20140429,REMX,7.50199,7.22,7.33,2.68,4.27,5.73,6.37,2.69846,36.3,11.7,24.9,19.1,19.4,0.0,6.4,36.7,14.7,17.05,3.0,52.6,58.4,58.4,43.1,38.6,73.2,55.9,35.5,76.2,88.0,66.6,D
20140429,DSUM,2.84505,4.92,0.63,5,3.1,5,4.19,0,,21.0098,0.304,0.4126,4.49946,50,32.8554,5.9935,29.454345,16.9769025,,,,,,,,,,,,,
20140429,YCL,6.26878,6.58,3.98,5,4.51,5,7.05,0,,,,,,,,,,,,,,,,,,,,,,,
20140429,DFVS,5.5832,4.81,4.99,5,4.19,5,6.16,0,,,,,,,,,,,,,,,,,,,,,,,
20140429,EFO,8.58679,6.71,9.25,1.75,4.68,5,8.8,0,,,,,,,,,,,,,,,,,,,,,,,
20140429,URR,6.44625,4.91,5.74,5,4.73,5,7.22,0,,,,,,,,,,,,,,,,,,,,,,,
20140429,UVT,8.35976,5.88,8.99,1.54,5.26,5,8.83,0,,,,,,,,,,,,,,,,,,,,,,,
20140429,UVU,8.3243,5.67,9.06,1.74,5.31,5,8.75,0,,,,,,,,,,,,,,,,,,,,,,,
20140429,IGS,6.67168,4.51,6.78,5,3.84,5,8.44,0,,,,,,,,,,,,,,,,,,,,,,,
20140429,UBR,9.28286,7.63,8.86,4.12,5.02,5,8.86,0,,,,,,,,,,,,,,,,,,,,,,,
20140429,YCS,6.19851,4.16,6.12,5,4.51,5,7.23,0,,,,,,,,,,,,,,,,,,,,,,,
20140429,IGU,7.39257,5.74,6.57,5,4.51,5,8.54,0,,,,,,,,,,,,,,,,,,,,,,,
20140429,ERX,9.37613,6.73,9.46,5,5.25,5,8.84,0,,,,,,,,,,,,,,,,,,,,,,,
20140429,EFU,7.14701,4.04,8.02,1.75,4.68,5,9.39,0,,,,,,,,,,,,,,,,,,,,,,,
20140429,UBT,7.98553,5.77,7.97,5,4.51,5,8.57,0,,,,,,,,,,,,,,,,,,,,,,,
20140429,ERY,8.15125,3.94,9.08,5,5.25,5,9.13,0,,,,,,,,,,,,,,,,,,,,,,,
20140429,TVIX,8.38095,6.93,7.76,5,5.23,5,7.49,0,,,,,,,,,,,,,,,,,,,,,,,
20140429,MATL,8.12133,6.01,8.88,1.4,6.12,5,6.72,0,,,,,,,,,,,,,,,,,,,,,,,
20140429,TVIZ,8.74217,7.25,8.33,5,5.23,5,7.48,0,,,,,,,,,,,,,,,,,,,,,,,
20140429,EFZ,5.92091,4.55,5.5,1.75,4.01,5,8.92,0,,,,,,,,,,,,,,,,,,,,,,,
20140429,USLV,9.47763,7.36,9.34,5,5.9,5,7.48,0,,,,,,,,,,,,,,,,,,,,,,,
20140429,USDU,3.79528,6.05,0.52,5,4.02,5,4.74,0,,,,,,,,,,,,,,,,,,,,,,,
20140429,UGAZ,8.93102,5.99,9.38,5,5.9,5,7.48,0,,,,,,,,,,,,,,,,,,,,,,,
20140429,TYD,7.01993,5.52,5.22,5,5.25,5,8.41,0,,,,,,,,,,,,,,,,,,,,,,,
20140429,DUG,7.44852,4.03,9.12,1.4,4.36,5,9.51,0,,,,,,,,,,,,,,,,,,,,,,,
20140429,TMF,8.81615,6.12,8.81,5,5.25,5,8.7,0,,,,,,,,,,,,,,,,,,,,,,,
20140429,DEE,6.79294,3.87,8.61,5,4.43,5,6.21,0,,,,,,,,,,,,,,,,,,,,,,,
20140429,DIG,8.25877,6.51,9.06,1.4,4.36,5,8.83,0,,,,,,,,,,,,,,,,,,,,,,,
20140429,DAG,6.76265,8.04,4.39,5,4.43,5,6.18,0,,,,,,,,,,,,,,,,,,,,,,,
20140429,TYO,6.46204,4.87,4.39,5,5.25,5,8.6,0,,,,,,,,,,,,,,,,,,,,,,,
20140429,DYY,6.81865,8.06,4.49,5,4.43,5,6.2,0,,,,,,,,,,,,,,,,,,,,,,,
20140429,TMV,8.33029,4.29,9.16,5,5.25,5,9.14,0,,,,,,,,,,,,,,,,,,,,,,,
20140429,UVXY,8.80971,6.91,9.84,5,4.51,5,7.05,0,,,,,,,,,,,,,,,,,,,,,,,
20140429,SDD,8.12157,4.01,9.3,1.41,5.85,5,9.49,0,,,,,,,,,,,,,,,,,,,,,,,
20140429,SDK,7.95589,4.22,9.17,1.59,5.33,5,9.43,0,,,,,,,,,,,,,,,,,,,,,,,
20140429,KRS,7.61354,4.98,7.74,1.38,5.51,5,9.05,0,,,,,,,,,,,,,,,,,,,,,,,
20140429,SDP,7.11552,4.39,7.12,1.37,5.07,5,9.69,0,,,,,,,,,,,,,,,,,,,,,,,
20140429,KRU,8.83835,5.9,9.14,1.38,6.18,5,9.03,0,,,,,,,,,,,,,,,,,,,,,,,
20140429,DLBS,6.69429,4.98,6.2,5,4.19,5,8.17,0,,,,,,,,,,,,,,,,,,,,,,,
20140429,SDS,7.04104,4.32,7.79,1.48,4.85,5,8.81,0,,,,,,,,,,,,,,,,,,,,,,,
20140429,MORL,6.26068,6.2,5.78,5,5.06,5,4.08,0,,,,,,,,,,,,,,,,,,,,,,,
20140429,RUSL,9.15564,7.95,9.12,5,5.25,5,6.74,0,,,,,,,,,,,,,,,,,,,,,,,
20140429,RUSS,7.68663,4.54,8.95,5,5.25,5,6.74,0,,,,,,,,,,,,,,,,,,,,,,,
20140429,SBND,8.25624,8.25,5.13,5,5.1,5,9.2,0,,,,,,,,,,,,,,,,,,,,,,,
20140429,CROC,5.91787,4.92,4.75,5,4.51,5,7.1,0,,,,,,,,,,,,,,,,,,,,,,,
20140429,DGLD,7.66038,3.36,8.97,5,5.9,5,7.4,0,,,,,,,,,,,,,,,,,,,,,,,
20140429,HDGE,6.06836,6.65,2.97,5,4.69,5,7.47,0,,,,,,,,,,,,,,,,,,,,,,,
20140429,DWTI,8.70135,5.88,8.98,5,5.9,5,7.4,0,,,,,,,,,,,,,,,,,,,,,,,
20140429,HDGI,7.89086,5.92,7.12,5,4.03,7.5,7.49,0,,,,,,,,,,,,,,,,,,,,,,,
20140429,RWM,6.40878,4.81,5.87,1.54,4.6,5,8.99,0,,,,,,,,,,,,,,,,,,,,,,,
20140429,BOM,6.82813,3.08,8.01,5,4.43,5,8.42,0,,,,,,,,,,,,,,,,,,,,,,,
20140429,ROM,7.77257,5.98,8.84,1.42,3.93,5,8.81,0,,,,,,,,,,,,,,,,,,,,,,,
20140429,FXP,8.52242,5.45,9.42,3.83,6.03,5,7.13,0,,,,,,,,,,,,,,,,,,,,,,,
20140429,BOS,6.31486,3.05,7.6,5,3.77,5,8.21,0,,,,,,,,,,,,,,,,,,,,,,,
20140429,ZIV,5.00168,1.97,5.21,5,4.57,5,7.41,0,,,,,,,,,,,,,,,,,,,,,,,
20140429,UDNT,7.77328,7.61,5.88,5,5.1,5,7.28,0,,,,,,,,,,,,,,,,,,,,,,,
20140429,JNUG,8.57762,6,9.27,5,5.25,5,7.32,0,,,,,,,,,,,,,,,,,,,,,,,
20140429,BDCL,7.74522,6.87,7.06,5,5.06,5,6.56,0,,,,,,,,,,,,,,,,,,,,,,,
20140429,SMDD,8.63278,4.08,9.44,1.56,6.84,5,9.47,0,,,,,,,,,,,,,,,,,,,,,,,
20140429,SQQQ,8.08557,4.13,9.45,1.51,5.51,5,9.41,0,,,,,,,,,,,,,,,,,,,,,,,
20140429,UWC,7.68607,5.5,8.73,1.68,4.27,5,8.75,0,,,,,,,,,,,,,,,,,,,,,,,
20140429,USD,8.58331,6.32,8.67,5,4.51,5,8.86,0,,,,,,,,,,,,,,,,,,,,,,,
20140429,UCC,7.10232,4.9,7.93,1.45,4.41,5,8.61,0,,,,,,,,,,,,,,,,,,,,,,,
20140429,YXI,7.64174,4.39,7.76,3.83,5.36,5,8.99,0,,,,,,,,,,,,,,,,,,,,,,,
20140429,UKF,8.00599,5.86,9.07,1.58,4.39,5,8.73,0,,,,,,,,,,,,,,,,,,,,,,,
20140429,UGE,7.07264,5.09,7.49,1.61,4.58,5,8.55,0,,,,,,,,,,,,,,,,,,,,,,,
20140429,UCD,8.38149,7.88,6.8,5,4.51,5,8.59,0,,,,,,,,,,,,,,,,,,,,,,,
20140429,UWM,8.36501,5.93,8.95,1.54,5.26,5,8.84,0,,,,,,,,,,,,,,,,,,,,,,,
20140429,UKK,8.38062,6.1,9.1,1.43,5.01,5,8.86,0,,,,,,,,,,,,,,,,,,,,,,,
20140429,UGL,8.50696,6.87,8.08,5,4.51,5,8.65,0,,,,,,,,,,,,,,,,,,,,,,,
20140429,UCO,8.99277,7.6,8.47,5,4.51,5,8.74,0,,,,,,,,,,,,,,,,,,,,,,,
20140429,UST,5.9468,5.42,3.5,5,4.51,5,8.35,0,,,,,,,,,,,,,,,,,,,,,,,
20140429,EWV,7.59225,4.26,9.08,0.83,4.91,5,9.22,0,,,,,,,,,,,,,,,,,,,,,,,
20140429,MYY,6.42106,4.91,4.92,1.56,5.51,5,8.93,0,,,,,,,,,,,,,,,,,,,,,,,
20140429,UKW,8.291,5.83,8.83,1.59,5.33,5,8.78,0,,,,,,,,,,,,,,,,,,,,,,,
20140429,ROLA,7.15757,4.02,9.92,5,3.53,5,6.71,0,,,,,,,,,,,,,,,,,,,,,,,
20140429,BOIL,8.95871,7.71,9.49,5,4.51,5,6.93,0,,,,,,,,,,,,,,,,,,,,,,,
20140429,SDYL,5.15061,3.51,6.11,5,5.06,5,3.57,0,,,,,,,,,,,,,,,,,,,,,,,
20140429,SPXL,7.08505,3.56,8.45,5,5.25,5,6.75,0,,,,,,,,,,,,,,,,,,,,,,,
20140429,TZA,7.8954,3.88,8.88,1.54,6,5,9.18,0,,,,,,,,,,,,,,,,,,,,,,,
20140429,SPXS,8.14587,5.85,8.75,5,5.25,5,6.75,0,,,,,,,,,,,,,,,,,,,,,,,
20140429,TNA,8.88445,6.12,9.26,1.54,6,5,8.87,0,,,,,,,,,,,,,,,,,,,,,,,
20140429,SPXU,7.85193,4.11,9.21,1.48,5.52,5,8.96,0,,,,,,,,,,,,,,,,,,,,,,,
20140429,DZK,9.01059,7.18,9.07,1.75,5.42,5,8.79,0,,,,,,,,,,,,,,,,,,,,,,,
20140429,TBF,5.5389,5.14,3.17,5,3.84,5,8.76,0,,,,,,,,,,,,,,,,,,,,,,,
20140429,LTL,8.75049,6.13,8.91,1.38,6.18,5,8.72,0,,,,,,,,,,,,,,,,,,,,,,,
20140429,DEFL,7.57213,5.64,6.86,5,6.29,5,6.24,0,,,,,,,,,,,,,,,,,,,,,,,
20140429,DRN,8.73411,6.09,8.63,5,5.25,5,8.71,0,,,,,,,,,,,,,,,,,,,,,,,
20140429,DNO,6.80301,5.77,5.83,5,4.62,5,7.3,0,,,,,,,,,,,,,,,,,,,,,,,
20140429,DRR,6.4858,6.4,4.36,5,4.73,5,7.22,0,,,,,,,,,,,,,,,,,,,,,,,
20140429,TYNS,4.51208,5.1,1.76,5,3.92,5,7.08,0,,,,,,,,,,,,,,,,,,,,,,,
20140429,DRV,8.18325,3.93,9.14,5,5.25,5,9.18,0,,,,,,,,,,,,,,,,,,,,,,,
20140429,TYBS,5.41592,5.17,3.71,5,3.92,5,7.35,0,,,,,,,,,,,,,,,,,,,,,,,
20140429,DZZ,6.01671,4.37,4.76,5,4.43,5,8.39,0,,,,,,,,,,,,,,,,,,,,,,,
20140429,TBT,7.75803,4.53,8.54,5,4.51,5,8.74,0,,,,,,,,,,,,,,,,,,,,,,,
20140429,TBX,4.65945,5.21,1.15,5,3.84,5,8.48,0,,,,,,,,,,,,,,,,,,,,,,,
20140429,TBZ,6.14136,4.93,4.25,5,4.51,5,8.65,0,,,,,,,,,,,,,,,,,,,,,,,
20140429,URTY,8.99852,6.17,9.36,1.54,5.93,5,9.18,0,,,,,,,,,,,,,,,,,,,,,,,
20140429,CSMB,6.69737,5.64,6.31,5,5.58,5,4.93,0,,,,,,,,,,,,,,,,,,,,,,,
20140429,CMD,7.49578,3.55,8.55,5,4.51,5,9.24,0,,,,,,,,,,,,,,,,,,,,,,,
20140429,SAA,8.5273,5.73,9.01,1.41,5.85,5,8.84,0,,,,,,,,,,,,,,,,,,,,,,,
20140429,SEF,5.92024,4.68,5.74,1.56,3.7,5,8.94,0,,,,,,,,,,,,,,,,,,,,,,,
20140429,GDAY,7.47825,6.04,5.89,5,4.51,7.5,6.91,0,,,,,,,,,,,,,,,,,,,,,,,
20140429,SMK,7.72305,4.56,8.52,2.13,4.88,5,9.47,0,,,,,,,,,,,,,,,,,,,,,,,
20140429,SIJ,8.06691,3.98,8.98,1.38,6.13,5,9.41,0,,,,,,,,,,,,,,,,,,,,,,,
20140429,SMN,7.25756,3.95,8.32,1.42,4.78,5,9.48,0,,,,,,,,,,,,,,,,,,,,,,,
20140429,EMSA,6.62886,4.12,9.82,5,3.53,5,4.77,0,,,,,,,,,,,,,,,,,,,,,,,
20140429,DTYS,6.59387,4.89,6.1,5,4.19,5,8.07,0,,,,,,,,,,,,,,,,,,,,,,,
20140429,DTUS,5.03061,4.86,2.57,5,4.19,5,7.71,0,,,,,,,,,,,,,,,,,,,,,,,
20140429,UUPT,6.96665,7.47,4.05,5,5.1,5,7.28,0,,,,,,,,,,,,,,,,,,,,,,,
20140429,RETL,8.60643,5.2,9.36,5,5.25,5,8.49,0,,,,,,,,,,,,,,,,,,,,,,,
20140429,SFLA,7.5213,6.2,9.27,5,3.53,5,5.75,0,,,,,,,,,,,,,,,,,,,,,,,
20140429,RXD,7.15728,4.43,8.27,1.4,4.3,5,9.2,0,,,,,,,,,,,,,,,,,,,,,,,
20140429,SVXY,6.13325,2.03,8.97,5,3.84,5,6.9,0,,,,,,,,,,,,,,,,,,,,,,,
20140429,BDD,7.59658,8.02,5.18,5,4.43,5,8.06,0,,,,,,,,,,,,,,,,,,,,,,,
20140429,RXL,7.07879,4.94,7.97,1.4,4.3,5,8.6,0,,,,,,,,,,,,,,,,,,,,,,,
20140429,MFLA,6.64503,5.56,9.92,5,3.53,5,2.53,0,,,,,,,,,,,,,,,,,,,,,,,
20140429,YANG,8.27295,4.33,8.96,5,5.25,5,9.17,0,,,,,,,,,,,,,,,,,,,,,,,
20140429,FAS,9.31658,6.35,9.47,5,5.25,5,9.19,0,,,,,,,,,,,,,,,,,,,,,,,
20140429,DSLV,7.96968,4,9.04,5,5.9,5,7.47,0,,,,,,,,,,,,,,,,,,,,,,,
20140429,DGAZ,8.30834,6.38,7.48,5,5.9,5,7.47,0,,,,,,,,,,,,,,,,,,,,,,,
20140429,UPRO,8.28552,5.37,8.95,1.48,5.52,5,9.04,0,,,,,,,,,,,,,,,,,,,,,,,
20140429,BXUB,7.62145,6.43,9.67,5,4.05,5,4.37,0,,,,,,,,,,,,,,,,,,,,,,,
20140429,BXUC,7.55514,6.55,9.53,5,4.05,5,4.17,0,,,,,,,,,,,,,,,,,,,,,,,
20140429,UDOW,8.86872,5.57,8.94,1.38,6.8,5,9.01,0,,,,,,,,,,,,,,,,,,,,,,,
20140429,AGA,7.03936,4,9.1,5,4.43,5,6.18,0,,,,,,,,,,,,,,,,,,,,,,,
20140429,KORU,8.57126,5.05,8.88,5,5.25,7.5,6.82,0,,,,,,,,,,,,,,,,,,,,,,,
20140429,EDC,9.32685,7.95,8.31,3.04,5.51,5,9.17,0,,,,,,,,,,,,,,,,,,,,,,,
20140429,ULE,5.82044,6.29,3.26,5,4.51,5,6.94,0,,,,,,,,,,,,,,,,,,,,,,,
20140429,UXI,7.91657,5.74,8.79,1.42,4.61,5,8.75,0,,,,,,,,,,,,,,,,,,,,,,,
20140429,UXJ,8.33552,6.9,8.42,1.42,4.77,5,8.87,0,,,,,,,,,,,,,,,,,,,,,,,
20140429,KORZ,8.7447,6.17,8.17,5,5.25,7.5,6.81,0,,,,,,,,,,,,,,,,,,,,,,,
20140429,DVHL,4.76783,4.81,1.86,5,5.06,5,6.58,0,,,,,,,,,,,,,,,,,,,,,,,
20140429,AGQ,8.23588,4.71,9.18,5,4.51,5,9.26,0,,,,,,,,,,,,,,,,,,,,,,,
20140429,MVV,8.52809,5.82,8.6,1.56,6.18,5,8.74,0,,,,,,,,,,,,,,,,,,,,,,,
20140429,EPV,7.70672,4.25,8.69,2.4,4.89,5,9.47,0,,,,,,,,,,,,,,,,,,,,,,,
20140429,UPV,8.09222,6.21,8.06,2.4,4.89,5,8.87,0,,,,,,,,,,,,,,,,,,,,,,,
20140429,UPW,7.77556,5.56,8.25,1.37,5.07,5,8.66,0,,,,,,,,,,,,,,,,,,,,,,,
20140429,MZZ,8.0827,3.99,8.91,1.56,6.18,5,9.4,0,,,,,,,,,,,,,,,,,,,,,,,
20140429,EDZ,7.86578,3.84,8.91,3.04,5.51,5,9.09,0,,,,,,,,,,,,,,,,,,,,,,,
20140429,MIDU,7.8954,4.79,9.22,5,5.25,5,6.72,0,,,,,,,,,,,,,,,,,,,,,,,
20140429,MIDZ,8.07935,6.04,8.41,5,5.25,5,6.73,0,,,,,,,,,,,,,,,,,,,,,,,
20140429,FLAT,7.44526,3.86,9.71,5,3.53,5,8.32,0,,,,,,,,,,,,,,,,,,,,,,,
20140429,DOG,5.94915,4.93,3.94,1.38,5.47,5,8.8,0,,,,,,,,,,,,,,,,,,,,,,,
20140429,TWM,7.8357,4.01,9.14,1.54,5.26,5,9.5,0,,,,,,,,,,,,,,,,,,,,,,,
20140429,TWQ,7.96683,4.7,9.65,1.54,4.45,5,9.41,0,,,,,,,,,,,,,,,,,,,,,,,
20140429,TQQQ,8.09174,5.14,8.69,1.51,5.51,5,9.06,0,,,,,,,,,,,,,,,,,,,,,,,
20140429,XPP,8.82885,5.56,8.89,3.83,6.03,5,8.88,0,,,,,,,,,,,,,,,,,,,,,,,
20140429,DGP,8.26753,7.78,7.11,5,4.43,5,7.97,0,,,,,,,,,,,,,,,,,,,,,,,
20140429,DUST,7.66254,3.52,8.92,2.02,5.66,5,9.1,0,,,,,,,,,,,,,,,,,,,,,,,
20140429,XXV,4.05872,3.17,1.04,5,4.19,5,8.97,0,,,,,,,,,,,,,,,,,,,,,,,
20140429,MLPL,7.62547,5.38,7.09,5,5.06,5,8.32,0,,,,,,,,,,,,,,,,,,,,,,,
20140429,DGZ,4.5271,3.76,2.55,5,3.77,5,8.19,0,,,,,,,,,,,,,,,,,,,,,,,
20140429,MLPS,6.23311,5.5,5.43,5,4.39,5,6.56,0,,,,,,,,,,,,,,,,,,,,,,,
20140429,BRZS,8.71976,5,9.3,5,5.25,7.5,6.79,0,,,,,,,,,,,,,,,,,,,,,,,
20140429,BRZU,8.13478,6.35,8.19,5,5.25,5,6.8,0,,,,,,,,,,,,,,,,,,,,,,,
20140429,SOXL,9.35566,6.5,9.43,1.67,6.53,5,8.93,0,,,,,,,,,,,,,,,,,,,,,,,
20140429,SOXS,8.39658,4.12,9.29,1.67,6.53,5,9.19,0,,,,,,,,,,,,,,,,,,,,,,,
20140429,SJB,4.57676,5.16,0.96,5,3.84,5,8.54,0,,,,,,,,,,,,,,,,,,,,,,,
20140429,SBB,7.15987,4.28,7.69,1.41,5.18,5,8.99,0,,,,,,,,,,,,,,,,,,,,,,,
20140429,SJF,7.79719,4.25,9.7,1.54,4.45,5,9.38,0,,,,,,,,,,,,,,,,,,,,,,,
20140429,SZK,7.59547,4.32,9.17,1.61,4.58,5,9.1,0,,,,,,,,,,,,,,,,,,,,,,,
20140429,SJH,7.94198,4.01,9.41,1.54,5.26,5,9.48,0,,,,,,,,,,,,,,,,,,,,,,,
20140429,SZO,5.86047,4.16,6.7,5,3.77,5,6.22,0,,,,,,,,,,,,,,,,,,,,,,,
20140429,SJL,8.06168,4.25,9.41,1.74,5.31,5,9.39,0,,,,,,,,,,,,,,,,,,,,,,,
20140429,SFK,7.7073,4.29,9.49,1.58,4.39,5,9.39,0,,,,,,,,,,,,,,,,,,,,,,,
20140429,SBM,6.19981,4.81,5.83,1.42,4.12,5,9.06,0,,,,,,,,,,,,,,,,,,,,,,,
20140429,EMLB,7.84195,4.72,9.87,5,3.53,5,8.25,0,,,,,,,,,,,,,,,,,,,,,,,
20140429,SRS,7.182,3.97,7.09,5,4.51,5,9.64,0,,,,,,,,,,,,,,,,,,,,,,,
20140429,UINF,7.4571,5.95,7.53,5,5.18,5,6.03,0,,,,,,,,,,,,,,,,,,,,,,,
20140429,EURL,7.95215,4.52,7.9,5,5.25,7.5,6.8,0,,,,,,,,,,,,,,,,,,,,,,,
20140429,INDL,10,7.57,9.28,5.72,5.97,5,8.7,0,,,,,,,,,,,,,,,,,,,,,,,
20140429,JGBD,5.28738,6.63,0.81,5,5.1,5,7.26,0,,,,,,,,,,,,,,,,,,,,,,,
20140429,EURZ,8.62107,6.16,7.89,5,5.25,7.5,6.8,0,,,,,,,,,,,,,,,,,,,,,,,
20140429,EUFX,5.01586,6.21,2.1,5,3.84,5,6.86,0,,,,,,,,,,,,,,,,,,,,,,,
20140429,BUNT,8.00505,5.5,8.57,5,5.1,5,7.26,0,,,,,,,,,,,,,,,,,,,,,,,
20140429,JGBS,3.83936,6.5,0.41,5,3.77,5,4.76,0,,,,,,,,,,,,,,,,,,,,,,,
20140429,JGBT,6.77309,5.97,5.08,5,5.1,5,7.27,0,,,,,,,,,,,,,,,,,,,,,,,
20140429,BIB,7.56809,5,9.12,1.59,4.14,5,8.72,0,,,,,,,,,,,,,,,,,,,,,,,
20140429,SRTY,8.31663,4.08,9.56,1.54,5.93,5,9.52,0,,,,,,,,,,,,,,,,,,,,,,,
20140429,FBG,6.13969,3.48,6.02,5,5.06,5,7.37,0,,,,,,,,,,,,,,,,,,,,,,,
20140429,ZSL,8.18564,4.11,9.38,5,4.51,5,9.66,0,,,,,,,,,,,,,,,,,,,,,,,
20140429,REK,5.70055,5.03,3.57,5,3.84,5,8.92,0,,,,,,,,,,,,,,,,,,,,,,,
20140429,BIS,7.46306,4.75,8.67,1.59,4.14,5,9.39,0,,,,,,,,,,,,,,,,,,,,,,,
20140429,REW,6.72069,4.24,7.6,1.42,3.93,5,9.45,0,,,,,,,,,,,,,,,,,,,,,,,
20140429,RTLA,8.13336,6.51,9.67,5,3.53,5,6.92,0,,,,,,,,,,,,,,,,,,,,,,,
20140429,FINF,6.86718,5.63,7.74,5,3.84,5,6.03,0,,,,,,,,,,,,,,,,,,,,,,,
20140429,FINU,7.21798,3.55,8.66,5,5.18,5,7.06,0,,,,,,,,,,,,,,,,,,,,,,,
20140429,FEEU,6.48101,4.89,8.34,5,5.38,5,2.51,0,,,,,,,,,,,,,,,,,,,,,,,
20140429,SAGG,4.5215,4.88,2.19,5,3.92,5,6.81,0,,,,,,,,,,,,,,,,,,,,,,,
20140429,FINZ,9.25362,6.26,9.22,5,5.18,7.5,7.08,0,,,,,,,,,,,,,,,,,,,,,,,
20140429,UYG,8.40714,6.65,9.28,1.56,4.36,5,8.75,0,,,,,,,,,,,,,,,,,,,,,,,
20140429,QLD,7.74014,5.31,8.54,1.51,4.84,5,8.75,0,,,,,,,,,,,,,,,,,,,,,,,
20140429,DVYL,5.2441,3.54,6.14,5,5.06,5,3.81,0,,,,,,,,,,,,,,,,,,,,,,,
20140429,UYM,8.49033,7.25,8.49,1.42,4.78,5,8.79,0,,,,,,,,,,,,,,,,,,,,,,,
20140429,EUM,6.11398,4.21,5.76,3.04,4.1,5,8.97,0,,,,,,,,,,,,,,,,,,,,,,,
20140429,EUO,5.01084,5.28,2.17,5,4.51,5,7.13,0,,,,,,,,,,,,,,,,,,,,,,,
20140429,UUP,3.22505,5.17,0.7,5,3.77,5,4.09,0,,,,,,,,,,,,,,,,,,,,,,,
20140429,UGLD,8.93346,8.05,7.38,5,5.9,5,7.41,0,,,,,,,,,,,,,,,,,,,,,,,
20140429,EET,8.94099,7.46,8.79,3.04,4.77,5,8.87,0,,,,,,,,,,,,,,,,,,,,,,,
20140429,UWTI,8.73757,6.09,8.86,5,5.9,5,7.41,0,,,,,,,,,,,,,,,,,,,,,,,
20140429,EEV,7.03068,3.96,7.27,3.04,4.77,5,9.44,0,,,,,,,,,,,,,,,,,,,,,,,
20140429,UMX,8.06241,6.02,8.31,2.13,4.88,5,8.83,0,,,,,,,,,,,,,,,,,,,,,,,
20140429,ADZ,6.35552,3.94,8.16,5,3.77,5,6.19,0,,,,,,,,,,,,,,,,,,,,,,,
20140429,ITLT,8.14847,5.38,9.03,5,5.1,5,7.27,0,,,,,,,,,,,,,,,,,,,,,,,
20140429,RWXL,6.66658,4.35,7.83,5,5.06,5,5.27,0,,,,,,,,,,,,,,,,,,,,,,,
20140429,GASL,9.86619,7.6,9.43,1.3,6.92,5,8.73,0,,,,,,,,,,,,,,,,,,,,,,,
20140429,DXD,7.52042,4.33,7.41,1.38,6.13,5,9.24,0,,,,,,,,,,,,,,,,,,,,,,,
20140429,SH,5.56438,4.92,4.4,1.48,4.18,5,8.6,0,,,,,,,,,,,,,,,,,,,,,,,
20140429,SDOW,8.26879,4.48,8.35,1.38,6.8,5,9.34,0,,,,,,,,,,,,,,,,,,,,,,,
20140429,GASX,8.68102,4.64,9.23,1.3,6.92,5,9.15,0,,,,,,,,,,,,,,,,,,,,,,,
20140429,DDG,6.99485,4.6,8.43,1.4,3.7,5,9.04,0,,,,,,,,,,,,,,,,,,,,,,,
20140429,DPK,7.57008,3.94,8.63,1.75,5.42,5,9.05,0,,,,,,,,,,,,,,,,,,,,,,,
20140429,TLL,7.69971,4.16,7.9,1.38,6.18,5,9.34,0,,,,,,,,,,,,,,,,,,,,,,,
20140429,TECL,7.63381,4.2,9.15,5,5.25,5,6.76,0,,,,,,,,,,,,,,,,,,,,,,,
20140429,LBJ,9.50834,7.98,8.18,3.13,6.03,5,9.15,0,,,,,,,,,,,,,,,,,,,,,,,
20140429,DTO,6.84085,4.12,8.47,5,4.43,5,6.22,0,,,,,,,,,,,,,,,,,,,,,,,
20140429,DDM,8.34152,5.74,8.41,1.38,6.13,5,8.62,0,,,,,,,,,,,,,,,,,,,,,,,
20140429,PSQ,5.71152,5,4.49,1.51,4.18,5,8.87,0,,,,,,,,,,,,,,,,,,,,,,,
20140429,DDP,5.64175,3.74,6.6,5,3.77,5,6.21,0,,,,,,,,,,,,,,,,,,,,,,,
20140429,TTT,8.29014,5.95,8.85,5,5.18,5,7.08,0,,,,,,,,,,,,,,,,,,,,,,,
20140429,TPS,7.57401,4.5,8.03,5,4.51,5,8.86,0,,,,,,,,,,,,,,,,,,,,,,,
20140429,PST,5.6557,4.97,2.94,5,4.51,5,8.8,0,,,,,,,,,,,,,,,,,,,,,,,
20140429,TECS,7.97934,5.97,8.22,5,5.25,5,6.76,0,,,,,,,,,,,,,,,,,,,,,,,
20140429,HVPW,5.47574,6.3,2.41,5,4.62,5,6.78,0,,,,,,,,,,,,,,,,,,,,,,,
20140429,XIV,6.15636,2.24,7.75,5,4.57,5,7.42,0,,,,,,,,,,,,,,,,,,,,,,,
20140429,JPNL,8.20103,5.5,8.83,5,5.25,5,7.36,0,,,,,,,,,,,,,,,,,,,,,,,
20140429,JDST,8.62933,5.91,9.49,5,5.25,5,7.31,0,,,,,,,,,,,,,,,,,,,,,,,
20140429,JPNS,8.90891,6.07,8.32,5,5.25,7.5,7.35,0,,,,,,,,,,,,,,,,,,,,,,,
20140429,NUGT,9.33553,7.21,9.54,2.02,5.66,5,8.74,0,,,,,,,,,,,,,,,,,,,,,,,
20140429,LBND,8.47299,5.72,8.22,5,5.1,5,9.16,0,,,,,,,,,,,,,,,,,,,,,,,
20140429,SSG,7.68389,4.11,7.79,1.38,6.18,5,9.52,0,,,,,,,,,,,,,,,,,,,,,,,
20140429,SCC,6.8752,4.22,7.63,1.45,4.41,5,9.26,0,,,,,,,,,,,,,,,,,,,,,,,
20140429,SKF,6.86434,4.08,7.66,1.56,4.36,5,9.4,0,,,,,,,,,,,,,,,,,,,,,,,
20140429,OFF,7.31019,6.42,6.59,5,4.39,5,7.37,0,,,,,,,,,,,,,,,,,,,,,,,
20140429,SKK,7.77583,3.97,9.3,1.43,5.01,5,9.54,0,,,,,,,,,,,,,,,,,,,,,,,
20140429,GLL,7.86028,4.13,8.8,5,4.51,5,9.32,0,,,,,,,,,,,,,,,,,,,,,,,
20140429,SSO,7.76773,5.63,8.56,1.48,4.85,5,8.33,0,,,,,,,,,,,,,,,,,,,,,,,
20140429,XMPT,3.46875,5.12,1.76,5,3.4,5,4.02,0,,,,,,,,,,,,,,,,,,,,,,,
20140429,SCO,7.78279,4.17,8.49,5,4.51,5,9.44,0,,,,,,,,,,,,,,,,,,,,,,,
20140429,UMDD,9.23398,5.97,9.26,1.56,6.84,5,9.11,0,,,,,,,,,,,,,,,,,,,,,,,
20140429,IVOP,5.97241,2.45,8,5,4.19,5,6.62,0,,,,,,,,,,,,,,,,,,,,,,,
20140429,BZQ,8.00221,3.7,9.23,4.12,5.02,5,9.51,0,,,,,,,,,,,,,,,,,,,,,,,
20140429,TOTS,4.36729,5.23,3.26,1.52,4.2,5,5.42,0,,,,,,,,,,,,,,,,,,,,,,,
20140429,JPX,7.45545,4.54,8.25,1.42,4.77,5,9.46,0,,,,,,,,,,,,,,,,,,,,,,,
20140429,YINN,9.56222,7.99,8.65,5,5.25,5,8.86,0,,,,,,,,,,,,,,,,,,,,,,,
20140429,KOLD,7.28243,3.36,9.62,5,4.51,5,7.12,0,,,,,,,,,,,,,,,,,,,,,,,
20140429,CURE,7.51416,5.02,8.78,1.39,5.76,5,6.68,0,,,,,,,,,,,,,,,,,,,,,,,
20140429,SINF,7.80769,5.34,8.99,5,5.18,5,6.03,0,,,,,,,,,,,,,,,,,,,,,,,
20140429,FIGY,6.212,4.84,7.73,5,5.38,5,2.52,0,,,,,,,,,,,,,,,,,,,,,,,
20140429,CEFL,4.77858,5.22,2.68,5,5.06,5,4.78,0,,,,,,,,,,,,,,,,,,,,,,,
20140429,UJB,8.01034,6.38,7.3,5,4.51,5,8.74,0,,,,,,,,,,,,,,,,,,,,,,,
20140429,URE,8.67132,6.63,8.65,5,4.51,5,8.76,0,,,,,,,,,,,,,,,,,,,,,,,
20140429,UVG,8.0681,5.65,9.4,1.54,4.45,5,8.73,0,,,,,,,,,,,,,,,,,,,,,,,
20140429,QID,7.55087,4.02,8.94,1.51,4.84,5,9.39,0,,,,,,,,,,,,,,,,,,,,,,,
20140429,EZJ,7.22516,5.12,8.81,0.83,4.91,5,6.98,0,,,,,,,,,,,,,,,,,,,,,,,
